# Time (MET) Delta_Time Flux(ph cm-2 s-1) Delta_Flux Index Delta_Index TS Npred
241369553.591	1812136.5915	9.01922014918e-08	1.00491979225e-08	2.0	0.0	290.957521294	217.962307284
244993826.775	1812136.592	1.60054944572e-07	1.20431044352e-08	2.0	0.0	734.222227513	404.175867662
248618099.959	1812136.5915	9.68488490677e-08	9.92857867268e-09	2.0	0.0	373.509645456	252.806466172
252242373.142	1812136.592	8.61567781264e-08	9.54617185037e-09	2.0	0.0	323.926792461	217.734597142
255866646.326	1812136.5915	7.8031583091e-08	8.82326607174e-09	2.0	0.0	347.568900142	193.023219303
259490919.509	1812136.592	8.21899090941e-08	9.60770520631e-09	2.0	0.0	311.794944306	178.861985967
263115192.692	1812136.5915	9.36366035133e-08	1.02030771692e-08	2.0	0.0	327.107866313	230.725365888
266739465.876	1812136.592	1.00377141625e-07	1.00362759053e-08	2.0	0.0	388.611004487	260.064600095
270363739.059	1812136.5915	1.12670145008e-07	6.41191642726e-09	2.0	0.0	455.13052747	284.445474301
273988012.243	1812136.592	1.25573947755e-07	1.06262234404e-08	2.0	0.0	497.727487041	292.695424879
277612285.426	1812136.5915	1.26307744244e-07	1.1203208582e-08	2.0	0.0	577.595248889	302.375493241
281236558.61	1812136.592	1.2243921e-07	1.02935936967e-08	2.0	0.0	602.859835999	335.202090338
284860831.794	1812136.5915	8.07431048856e-08	9.20547658218e-09	2.0	0.0	283.788629207	218.191225948
288485104.977	1812136.592	6.75754812694e-08	8.60432719959e-09	2.0	0.0	262.071275546	167.885788077
292109378.16	1812136.5915	6.254399364e-08	9.12180131433e-09	2.0	0.0	195.098412149	141.506559182
295733651.344	1812136.592	8.14830415765e-08	9.76283604484e-09	2.0	0.0	247.955361695	202.99500473
299357924.528	1812136.5915	3.33114803796e-08	6.60566946636e-09	2.0	0.0	86.8720185103	91.7184687194
302982197.711	1812136.592	7.18645907536e-08	8.6405449882e-09	2.0	0.0	245.004928733	189.954981667
306606470.895	1812136.5915	3.93890805799e-08	7.51311489627e-09	2.0	0.0	93.8418911946	94.7344672276
310230744.078	1812136.592	6.88532358188e-08	8.79148625141e-09	2.0	0.0	246.092228459	165.934491562
313855017.262	1812136.5915	1.2760431729e-07	1.05358708613e-08	2.0	0.0	617.849174103	344.894992082
317479290.445	1812136.592	8.52095860159e-08	8.87350547123e-09	2.0	0.0	366.411242617	239.004734526
321103563.628	1812136.5915	5.70604842817e-08	8.30877756387e-09	2.0	0.0	149.445425863	136.786589674
324727836.812	1812136.592	6.56304227712e-08	9.08384886945e-09	2.0	0.0	230.536746537	154.64057745
328352109.995	1812136.5915	5.88477884607e-08	8.32014833216e-09	2.0	0.0	210.510284472	144.920334543
331976383.179	1812136.592	7.70474770023e-08	8.67445859086e-09	2.0	0.0	309.386615741	204.602290456
335600656.363	1812136.5915	9.63520317053e-08	9.53419114291e-09	2.0	0.0	446.31832006	244.123007966
339224929.546	1812136.592	1.13171778402e-07	1.07787664621e-08	2.0	0.0	459.428184964	266.591686579
342849202.729	1812136.5915	1.07640456632e-07	1.06044477055e-08	2.0	0.0	459.948002655	247.753967436
346473475.913	1812136.592	1.10943448056e-07	1.02581683006e-08	2.0	0.0	529.365399241	279.291024682
350097749.097	1812136.5915	7.72328357795e-08	8.50904760359e-09	2.0	0.0	302.650163727	213.171367032
353722022.28	1812136.592	1.05989703015e-07	9.66481664663e-09	2.0	0.0	522.966836261	270.340199244
357346295.464	1812136.5915	7.39013169612e-08	9.5255769219e-09	2.0	0.0	203.897564054	167.082486668
360970568.647	1812136.592	5.70681400502e-08	8.2634314724e-09	2.0	0.0	187.216637294	134.852059413
364594841.831	1812136.5915	6.56024908039e-08	8.55156795519e-09	2.0	0.0	179.109702986	157.259484415
368219115.014	1812136.592	4.97434205107e-08	7.59981696558e-09	2.0	0.0	144.96451758	138.67159259
371843388.197	1812136.5915	3.86021007547e-08	7.96643829032e-09	2.0	0.0	77.7449837173	82.4493890354
375467661.38	1812136.5915	3.57372926362e-08	7.33208634128e-09	2.0	0.0	93.0324840615	81.7917736177
379091934.564	1812136.592	1.00164519029e-07	1.04526420596e-08	2.0	0.0	388.258404257	235.193469446
382716207.748	1812136.5915	1.05285292877e-07	9.51461255673e-09	2.0	0.0	491.22465247	301.559246932
386340480.931	1812136.592	1.40569220068e-07	1.10101557286e-08	2.0	0.0	738.929572975	374.546324887
389964754.114	1812136.5915	7.79980573457e-08	1.03433951607e-08	2.0	0.0	218.072903833	159.967204239
393589027.298	1812136.592	6.84368186836e-08	9.48888926839e-09	2.0	0.0	198.72953261	153.840573664
397213300.482	1812136.5915	8.29067344926e-08	9.524207848e-09	2.0	0.0	289.829336371	195.330990492
400837573.665	1812136.592	3.32904867431e-08	6.80447703319e-09	2.0	0.0	81.9513367387	83.5454831758
404461846.849	1812136.5915	4.73611258116e-08	8.02880512155e-09	2.0	0.0	132.014579877	111.371226756
408086120.032	1812136.592	5.14047411262e-08	7.35822897594e-09	2.0	0.0	187.951594436	144.331860052
411710393.215	1812136.5915	3.94862160679e-08	8.70538331302e-09	2.0	0.0	79.7883093732	66.7666936641
415334666.399	1812136.592	6.48207220604e-08	8.12303430989e-09	2.0	0.0	262.497474831	175.363352033
418958939.582	1812136.5915	7.6834679542e-08	4.88932678177e-09	2.0	0.0	312.927290248	194.135290005
422583212.766	1812136.592	1.33467197369e-07	1.07190560692e-08	2.0	0.0	649.35069791	329.922135353
426207485.949	1812136.5915	1.31763526199e-07	1.22246565796e-08	2.0	0.0	543.618291733	258.764361499
429831759.133	1812136.592	1.12370835722e-07	1.12062321799e-08	2.0	0.0	421.985465352	241.818399468
433456032.317	1812136.5915	1.29855174528e-07	1.01081053273e-08	2.0	0.0	587.02550757	321.916638411
437080305.5	1812136.592	1.34828030995e-07	1.106866458e-08	2.0	0.0	670.316749109	334.768368289
440704578.683	1812136.5915	8.53811161346e-08	9.1533556771e-09	2.0	0.0	339.504647665	216.347999193
444328851.867	1812136.592	6.67088603073e-08	8.96443308273e-09	2.0	0.0	212.280407107	161.40697239
447953125.051	1812136.5915	8.40642577419e-08	9.77073544185e-09	2.0	0.0	279.669208321	198.314278511
451577398.234	1812136.592	7.36515507236e-08	8.68923273524e-09	2.0	0.0	264.250690529	201.1344495
455201671.418	1812136.5915	5.9836527946e-08	7.9333181454e-09	2.0	0.0	226.112179044	149.502946052
458825944.601	1812136.592	3.55514793428e-08	6.99906756691e-09	2.0	0.0	87.6823941303	88.5961313807
462450217.785	1812136.5915	3.20624900899e-08	6.65602137262e-09	2.0	0.0	72.2920085866	78.3510945839
466074490.968	1812136.592	3.73737473534e-08	7.24863046049e-09	2.0	0.0	98.4241096914	95.971768934
469698764.151	1812136.5915	5.6874701534e-08	8.10497670616e-09	2.0	0.0	172.382002889	150.756991915
473323037.335	1812136.592	5.86094124061e-08	2.01696169713e-09	2.0	0.0	166.936982921	148.456492742
476947310.518	1812136.5915	1.13127725836e-07	1.08140329204e-08	2.0	0.0	438.641808115	277.323926952
480571583.702	1812136.592	1.15856817732e-07	1.08606279648e-08	2.0	0.0	461.609439336	272.13892332
484195856.886	1812136.5915	4.63758336393e-08	7.83245909766e-09	2.0	0.0	144.740030266	110.504789679
487820130.069	1812136.592	9.03450994465e-08	9.36607301785e-09	2.0	0.0	370.653908754	240.095057079
491444403.252	1812136.5915	9.54846300559e-08	8.85414020705e-09	2.0	0.0	478.198097098	303.173540684
495068676.436	1812136.592	2.05777997877e-07	1.32247688285e-08	2.0	0.0	1097.29659157	516.027117545
498692949.62	1812136.5915	2.42570951135e-07	1.47941635266e-08	2.0	0.0	1186.92541563	590.403547907
502317222.803	1812136.5915	2.26271853942e-07	1.4900612774e-08	2.0	0.0	1000.28514797	526.772623792
505941495.986	1812136.592	1.69345571458e-07	1.32076012382e-08	2.0	0.0	675.179801624	423.290003773
509565769.169	1812136.5915	2.18457462252e-07	1.38877215503e-08	2.0	0.0	1023.21876874	584.433178715
513190042.353	1812136.592	1.91512890321e-07	1.35436469683e-08	2.0	0.0	878.000562426	447.084299846
516814315.536	1812136.5915	1.87639069905e-07	1.34962700957e-08	2.0	0.0	738.477681458	440.008861117
520438588.72	1812136.592	9.86638159043e-08	9.93999853678e-09	2.0	0.0	357.245521662	240.267142857
524062861.903	1812136.5915	7.48267236609e-08	8.96627939895e-09	2.0	0.0	229.855406037	209.364811718
527687135.087	1812136.592	6.53906695254e-08	9.29676704062e-09	2.0	0.0	180.047221474	166.274216303
531311408.271	1812136.5915	7.4149645834e-08	1.01368155739e-08	2.0	0.0	198.613306725	177.063768304
534935681.454	1812136.592	8.58655904127e-08	1.11310613383e-08	2.0	0.0	188.652687196	198.585264918
538559954.638	1812136.5915	9.21027171388e-08	1.07887097331e-08	2.0	0.0	239.183019522	241.522521185
542184227.821	1812136.592	1.03352223435e-07	1.28519672825e-08	2.0	0.0	193.870724535	185.508886116
545808501.004	1812136.5915	2.21157994371e-07	1.35885717397e-08	2.0	0.0	1029.70283647	569.494634061
549432774.188	1812136.592	1.72791574575e-07	1.05805114739e-08	2.0	0.0	1116.24159461	646.31780467
553057047.372	1812136.5915	2.13976184268e-07	1.10934029166e-08	2.0	0.0	1675.65881139	813.860185157
556681320.555	1812136.592	2.03555666296e-07	1.36354327952e-08	2.0	0.0	815.594846905	585.462710083
560305593.738	1812136.5915	1.5236894174e-07	1.25246343731e-08	2.0	0.0	568.925518347	419.699724104
563929866.922	1812136.592	1.25528637627e-07	1.3056138841e-08	2.0	0.0	331.842371565	271.01868026
567554140.105	1812136.5915	1.40594857085e-07	1.17737967949e-08	2.0	0.0	585.266497419	350.593236371
571178413.289	1812136.592	8.96546981314e-08	9.46935379471e-09	2.0	0.0	369.50180219	252.711856345
574802686.473	1812136.5915	1.76521626426e-07	1.12727122293e-08	2.0	0.0	944.503507276	490.226659779
578426959.656	1812136.592	2.00218399034e-07	1.14862384393e-08	2.0	0.0	1349.04172606	638.920759508
582051232.839	1812136.5915	1.18781505868e-07	1.00872728721e-08	2.0	0.0	538.973361132	370.894224472
585675506.023	1812136.592	1.30904123869e-07	1.07093619523e-08	2.0	0.0	628.22537391	388.604094791
589299779.207	1812136.5915	1.23122092163e-07	1.11240547615e-08	2.0	0.0	498.039787316	339.976847577
592924052.39	1812136.592	1.6535234446e-07	1.14561822222e-08	2.0	0.0	783.172528711	493.065220121
596548325.573	1812136.5915	2.03334820513e-07	1.23258840531e-08	2.0	0.0	1146.41317338	660.427994394
600172598.757	1812136.592	1.53070861531e-07	6.33299089452e-09	2.0	0.0	740.854747631	484.293975243
603796871.941	1812136.5915	1.36402095406e-07	1.14485636064e-08	2.0	0.0	502.046501955	392.499463748
607421145.124	1812136.592	1.77482965779e-07	1.18864881523e-08	2.0	0.0	886.981826969	502.973245895
611045418.308	1812136.5915	1.57793980473e-07	1.09723173349e-08	2.0	0.0	825.59094085	522.333210927
614669691.491	1812136.592	2.92367324029e-07	1.4158648043e-08	2.0	0.0	2039.49105626	914.325771204
618293964.674	1812136.5915	3.14693189274e-07	1.48169854081e-08	2.0	0.0	2141.52076418	920.663161543
621918237.858	1812136.592	2.51668533224e-07	1.42631445856e-08	2.0	0.0	1335.50528706	704.591679508
625542511.042	1812136.5915	1.56879277771e-07	1.16419845123e-08	2.0	0.0	654.072737514	451.675904011
629166784.225	1812136.592	1.1771933117e-07	1.05970232331e-08	2.0	0.0	402.538825355	415.946845951
632791057.408	1812136.5915	1.08703082642e-07	1.03335093471e-08	2.0	0.0	404.92108099	333.353537529
