# Time (MET) Delta_Time Flux(ph cm-2 s-1) Delta_Flux Index Delta_Index TS Npred
241369553.591	1812136.5915	0.9413857454826929	8.49498644427e-09	2.0	0.0	139.176763922	157.275090279
244993826.775	1812136.592	1.0832458849760844	8.83162622611e-09	2.0	0.0	169.88918482	184.229281383
248618099.959	1812136.5915	0.7036447080392945	7.33247137408e-09	2.0	0.0	106.717806049	130.526954784
252242373.142	1812136.592	0.3637176193436503	6.08337206112e-09	2.0	0.0	26.7882071493	70.4846690817
255866646.326	1812136.5915	0.5219543210344784	7.69068709307e-09	2.0	0.0	35.9259724778	92.0026704832
259490919.509	1812136.592	0.5702473436871499	7.37712115926e-09	2.0	0.0	69.8844501938	89.0161333899
263115192.692	1812136.5915	0.2968100737523871	5.86717918674e-09	2.0	0.0	23.294328184	52.6226851366
266739465.876	1812136.592	0.330349210386253	0.0	2.0	0.0	5.55294131761	22.1230800461
270363739.059	1812136.5915	0.30763564195284776	6.15362381974e-09	2.0	0.0	20.794191047	54.474528374
273988012.243	1812136.592	0.40817971250922525	7.8879852639e-09	2.0	0.0	25.8232277893	56.7450180226
277612285.426	1812136.5915	3.0249165063197676	1.39146549422e-08	2.0	0.0	608.136058103	417.97029222
281236558.61	1812136.592	0.8339795329502434	9.40348148307e-09	2.0	0.0	65.0049088522	117.556673534
284860831.794	1812136.5915	0.7770026063793632	8.57681271411e-09	2.0	0.0	84.2705780512	110.326619295
288485104.977	1812136.592	0.8126656945637063	8.61880975971e-09	2.0	0.0	96.5387588549	119.174249098
292109378.16	1812136.5915	0.7999277160216428	8.21974921894e-09	2.0	0.0	112.567193521	120.314785793
295733651.344	1812136.592	0.5565681042692829	7.28545411114e-09	2.0	0.0	73.187095667	88.4471099767
299357924.528	1812136.5915	0.3129099535522232	6.10151941419e-09	2.0	0.0	30.9507053369	45.2390502069
302982197.711	1812136.592	0.755313373136751	9.44344365294e-09	2.0	0.0	61.1015835786	105.72019668
306606470.895	1812136.5915	0.6542937848725918	7.86495800831e-09	2.0	0.0	70.0503541092	103.740429253
310230744.078	1812136.592	1.173428051528119	1.01529539463e-08	2.0	0.0	126.138187633	165.193192762
313855017.262	1812136.5915	1.1993090927792434	1.02016026946e-08	2.0	0.0	183.761254021	164.318604729
317479290.445	1812136.592	1.2685291443015676	1.0574275931e-08	2.0	0.0	141.002553404	171.910328413
321103563.628	1812136.5915	0.5332674245014016	7.69237269247e-09	2.0	0.0	59.0518492012	76.866812718
324727836.812	1812136.592	0.3293530806586535	5.77324455528e-09	2.0	0.0	37.2106642102	52.8814553297
328352109.995	1812136.5915	0.908183790234926	9.15394319752e-09	2.0	0.0	93.2490844152	130.316931319
331976383.179	1812136.592	0.35663562754393924	7.39901786392e-09	2.0	0.0	23.2368897332	50.6512087998
335600656.363	1812136.5915	1.1654741590180357	1.02951162058e-08	2.0	0.0	133.906026	183.725389195
339224929.546	1812136.592	5.044202440358192	1.63023411516e-08	2.0	0.0	1350.77052806	760.184439736
342849202.729	1812136.5915	5.8193406427428025	1.69553584803e-08	2.0	0.0	1867.63406405	924.14300811
346473475.913	1812136.592	0.5608118524151824	8.13298189733e-09	2.0	0.0	39.5610507258	82.0933834346
350097749.097	1812136.5915	0.6659341528529819	8.11842822272e-09	2.0	0.0	81.7200194874	94.5245918383
353722022.28	1812136.592	0.8124414972306354	9.20161279623e-09	2.0	0.0	78.5190167759	116.221773681
357346295.464	1812136.5915	2.6081545682239753	1.33558233031e-08	2.0	0.0	457.539330466	371.108800019
360970568.647	1812136.592	2.978089285708615	1.39946302657e-08	2.0	0.0	618.938872321	425.490011003
364594841.831	1812136.5915	0.9551246803270418	9.20474763772e-09	2.0	0.0	108.281428441	146.937413104
368219115.014	1812136.592	0.45135018156332324	8.02149837156e-09	2.0	0.0	25.6781235245	66.9814977658
371843388.197	1812136.5915	1.6204160757350519	1.11715725272e-08	2.0	0.0	226.026475823	246.948178938
375467661.38	1812136.5915	0.8361922122131392	8.60425384434e-09	2.0	0.0	103.357176161	132.151663682
379091934.564	1812136.592	0.45355669399612997	7.20498447922e-09	2.0	0.0	37.4802216449	61.6338646569
382716207.748	1812136.5915	1.0115452441347115	9.47749357594e-09	2.0	0.0	125.625193078	156.706637849
386340480.931	1812136.592	1.0130948530931743	9.64379269287e-09	2.0	0.0	112.127135605	146.88658151
389964754.114	1812136.5915	1.8356289388301146	1.23252975546e-08	2.0	0.0	268.842814818	259.968000843
393589027.298	1812136.592	1.7209413055318716	1.18476370033e-08	2.0	0.0	247.118255131	241.130412544
397213300.482	1812136.5915	0.9687619481307784	1.04061655851e-08	2.0	0.0	78.0076088336	129.498954789
400837573.665	1812136.592	0.8799794587171654	8.76733312476e-09	2.0	0.0	115.61712419	132.851721595
404461846.849	1812136.5915	0.6068213837332882	7.61477516967e-09	2.0	0.0	62.1202933219	102.797566351
408086120.032	1812136.592	1.068329607528496	1.01808295468e-08	2.0	0.0	119.456001607	156.640519195
411710393.215	1812136.5915	1.1751297724067302	9.92186028674e-09	2.0	0.0	144.154034771	168.732535303
415334666.399	1812136.592	2.5567481732852078	1.37895001741e-08	2.0	0.0	375.831585469	320.741905995
418958939.582	1812136.5915	3.8108653773701806	1.49579466954e-08	2.0	0.0	783.306946051	547.607028982
422583212.766	1812136.592	1.3325995798054586	1.10528813591e-08	2.0	0.0	145.509810301	171.622167634
426207485.949	1812136.5915	0.4883004002727393	7.71577475091e-09	2.0	0.0	48.7802774335	61.1836020521
429831759.133	1812136.592	1.1172141319672024	1.05643515595e-08	2.0	0.0	109.518994576	149.128127623
433456032.317	1812136.5915	1.1768695677032222	1.00752988541e-08	2.0	0.0	155.238407994	150.775117817
437080305.5	1812136.592	0.585666571779751	8.0996933928e-09	2.0	0.0	47.6397607442	77.5992333642
440704578.683	1812136.5915	0.8259518911462481	8.54603911738e-09	2.0	0.0	94.0285314974	122.318263684
444328851.867	1812136.592	1.1232750088848975	9.68643878582e-09	2.0	0.0	144.513752235	154.83241766
447953125.051	1812136.5915	2.260789978348374	1.24848885243e-08	2.0	0.0	448.394559632	317.431699386
451577398.234	1812136.592	1.0544939528108463	9.42331291997e-09	2.0	0.0	133.736859247	153.494698296
455201671.418	1812136.5915	0.448129806203399	7.28418637624e-09	2.0	0.0	40.9742655478	62.8899328262
458825944.601	1812136.592	1.761913674326941	1.22278973048e-08	2.0	0.0	215.24185839	249.601755669
462450217.785	1812136.5915	1.546729465185962	1.07140131155e-08	2.0	0.0	230.47442073	223.704108611
466074490.968	1812136.592	1.199978568087423	9.60959522104e-09	2.0	0.0	185.097447327	189.345913903
469698764.151	1812136.5915	2.381137748960409	1.20407943987e-08	2.0	0.0	503.724323656	383.603364057
473323037.335	1812136.592	1.939833211513615	1.14482403708e-08	2.0	0.0	324.373063015	318.928410894
476947310.518	1812136.5915	1.4434182929702948	1.08669121383e-08	2.0	0.0	211.317567928	204.232737734
480571583.702	1812136.592	1.6129771600800604	1.10982127767e-08	2.0	0.0	252.807354786	233.095172301
484195856.886	1812136.5915	0.6718106794213979	8.1979505935e-09	2.0	0.0	63.9905022134	94.9920044947
487820130.069	1812136.592	0.9159456440028416	9.52990790113e-09	2.0	0.0	102.975287436	126.519894523
491444403.252	1812136.5915	1.1912994836863955	1.09167988173e-08	2.0	0.0	148.673125874	161.333412313
495068676.436	1812136.592	0.5909998882485021	7.65817468901e-09	2.0	0.0	57.7245227533	87.8010956857
498692949.62	1812136.5915	0.8319697196599068	8.24641213495e-09	2.0	0.0	115.108910586	127.420722999
502317222.803	1812136.5915	1.1041966131753074	9.19323230464e-09	2.0	0.0	193.30578544	165.703546025
505941495.986	1812136.592	0.9785206962747431	9.03630802013e-09	2.0	0.0	155.205713525	134.067596796
509565769.169	1812136.5915	1.047828238617326	8.81977112893e-09	2.0	0.0	196.414325653	156.432472737
513190042.353	1812136.592	0.8667179578611915	8.44685932051e-09	2.0	0.0	151.801005638	136.342646328
516814315.536	1812136.5915	0.4158221481501676	6.52957353855e-09	2.0	0.0	43.5852353237	59.4117881324
520438588.72	1812136.592	0.3125160514403998	5.74261058001e-09	2.0	0.0	27.7975532174	47.8260649649
524062861.903	1812136.5915	0.4176222147890266	7.23172270881e-09	2.0	0.0	37.2643563572	58.8929760842
527687135.087	1812136.592	0.41707781504626645	6.36010211859e-09	2.0	0.0	57.8001867946	65.0924850364
531311408.271	1812136.5915	0.5973875708912769	7.79745064292e-09	2.0	0.0	55.9500406635	97.2726338717
534935681.454	1812136.592	0.3391369624289252	6.49406302124e-09	2.0	0.0	21.9852194943	51.2664535567
538559954.638	1812136.5915	0.7637752429759966	8.6829509714e-09	2.0	0.0	97.5291054034	94.5989187335
542184227.821	1812136.592	0.37275805193765493	7.29160475517e-09	2.0	0.0	24.4528894488	39.1063531182
545808501.004	1812136.5915	0.4174879056401234	7.23715135093e-11	2.0	0.0	9.99491439841	46.9600853823
549432774.188	1812136.592	0.8758788941311471	8.64659302805e-09	2.0	0.0	115.462513198	137.509213507
553057047.372	1812136.5915	0.8929215130734423	0.0	2.0	0.0	6.94539187825	18.0588923331
556681320.555	1812136.592	0.4953353916826952	1.13747127714e-08	2.0	0.0	19.0904759001	34.1550261875
560305593.738	1812136.5915	0.5878103317444995	8.6964059511e-09	2.0	0.0	41.6283191451	63.8508119216
563929866.922	1812136.592	0.5205957424841162	4.8728580924e-09	2.0	0.0	53.2831642021	99.5817993543
567554140.105	1812136.5915	0.5928188129676605	8.25166573066e-09	2.0	0.0	53.6179941141	75.1087611486
571178413.289	1812136.592	0.5195424259075598	1.04588659554e-08	2.0	0.0	15.8417624869	45.3598472504
574802686.473	1812136.5915	0.6576626401675268	8.49834184651e-09	2.0	0.0	70.9188133902	88.4148051329
578426959.656	1812136.592	0.33723692612830475	7.03581946935e-09	2.0	0.0	14.611182658	56.8075624131
582051232.839	1812136.5915	0.5308989208049033	7.14962706521e-09	2.0	0.0	59.3827790597	87.2142925039
585675506.023	1812136.592	0.8109021364984086	0.0	2.0	0.0	6.89000978708	25.258478551
589299779.207	1812136.5915	0.6654777496628574	9.30869462143e-09	2.0	0.0	56.2026831541	79.2857767105
592924052.39	1812136.592	1.0575227522841095	9.4221345432e-09	2.0	0.0	133.77647785	179.634468778
596548325.573	1812136.5915	0.5090457385457845	6.58019554651e-09	2.0	0.0	71.1311728815	90.3913821243
600172598.757	1812136.592	0.5527312831866279	0.0	2.0	0.0	6.37031859113	19.0973157479
603796871.941	1812136.5915	0.5404219146792145	1.06840103168e-08	2.0	0.0	33.2843532046	43.778806978
607421145.124	1812136.592	0.665761138589001	7.81366980239e-09	2.0	0.0	82.7934557184	104.406972489
611045418.308	1812136.5915	0.45483146720223294	6.88189537455e-09	2.0	0.0	52.7577139473	70.5608543869
614669691.491	1812136.592	0.6633424724991404	8.06083035128e-09	2.0	0.0	77.9380229969	96.3181320446
618293964.674	1812136.5915	0.5368457483615686	1.10936507632e-08	2.0	0.0	17.9393877237	45.473784432
621918237.858	1812136.592	0.36160570379501017	6.07788993166e-09	2.0	0.0	39.5450377598	52.5961222018
625542511.042	1812136.5915	0.2528315717162976	5.40253924095e-09	2.0	0.0	21.7729333068	43.0138184551
629166784.225	1812136.592	0.2966040554178884	6.24924693144e-09	2.0	0.0	20.3275478373	41.3455607679
632791057.408	1812136.5915	0.6268345242514094	9.67801753816e-09	2.0	0.0	50.9793123214	61.6682178725
