# Time (MET) Delta_Time Flux(ph cm-2 s-1) Delta_Flux Index Delta_Index TS Npred
245498176.011	986175.0105	1.00204959321e-07	1.44632704509e-08	-2.0	0.0	160.191274614	132.241378233
247470526.031	986175.0105	3.34148528654e-08	8.23713941654e-09	-2.0	0.0	55.198486377	66.3600852829
249442876.053	986175.0105	5.55289784359e-08	1.17678109382e-08	-2.0	0.0	63.2340270613	79.5052713432
251415226.073	986175.01	2.80116034736e-08	9.09742917614e-09	-2.0	0.0	17.3338992178	48.7582496868
253387576.094	986175.0105	2.08702626041e-08	7.67885398141e-09	-2.0	0.0	17.8656776526	35.938615112
255359926.114	986175.0105	3.15863534153e-08	1.15384785851e-08	-2.0	0.0	13.3666759594	44.5430167995
257332276.136	986175.0105	3.73731182804e-08	9.0726897363e-09	-2.0	0.0	53.5381061091	73.446058568
259304626.156	986175.0105	3.45511504685e-08	1.12944924397e-08	-2.0	0.0	29.3292346618	36.2533354251
261276976.178	986175.0105	2.51638481032e-08	8.34806100413e-09	-2.0	0.0	18.0268894842	50.2189539223
263249326.198	986175.01	3.55926924396e-08	0.0	-2.0	0.0	2.83372541489	16.825675348
265221676.219	986175.0105	1.39867017994e-08	6.73164334585e-09	-2.0	0.0	10.2223290618	25.2951953997
267194026.239	986175.0105	3.22915685648e-08	0.0	-2.0	0.0	8.29313244118	22.1392986506
269166376.261	986175.0105	3.8417943751e-08	0.0	-2.0	0.0	5.44937407629	20.420251656
271138726.281	986175.0105	2.30140764286e-08	8.64369949738e-09	-2.0	0.0	17.5263441252	41.1179227187
273111076.303	986175.0105	2.32583805791e-08	9.38282323696e-09	-2.0	0.0	16.4560481771	30.1572794088
275083426.323	986175.01	4.87280001862e-08	1.3318381583e-08	-2.0	0.0	26.4291458496	60.700504108
277055776.344	986175.0105	2.49496171255e-07	1.98246713095e-08	-2.0	0.0	556.111161204	321.585137877
279028126.364	986175.0105	1.05420861211e-07	1.5769727233e-08	-2.0	0.0	133.832711944	134.311497795
281000476.386	986175.0105	3.80772692228e-08	1.19935621081e-08	-2.0	0.0	20.1488458668	48.7303973341
282972826.406	986175.0105	4.06572794217e-08	1.14569582505e-08	-2.0	0.0	27.389350781	52.5327700484
284945176.428	986175.0105	4.05722068218e-08	1.10616281224e-08	-2.0	0.0	38.75974242	52.8382492564
286917526.448	986175.01	7.25647111627e-08	1.25200009634e-08	-2.0	0.0	100.288580283	93.9339727527
288889876.469	986175.0105	3.96432003314e-08	1.04508207988e-08	-2.0	0.0	36.6392098822	54.8515123412
290862226.489	986175.0105	4.95789253789e-08	1.14742176631e-08	-2.0	0.0	47.230778559	68.1693915205
292834576.511	986175.0105	4.76448393619e-08	1.07120964099e-08	-2.0	0.0	61.1119209532	65.9073093517
294806926.531	986175.0105	3.33931056365e-08	9.73128105041e-09	-2.0	0.0	43.5967099079	51.4953897498
296779276.553	986175.0105	4.20720570755e-08	9.97999972141e-09	-2.0	0.0	51.2124679378	57.7083366031
298751626.573	986175.01	2.70846314646e-08	0.0	-2.0	0.0	2.85615242418	9.8968156382
300723976.594	986175.0105	3.12249049136e-08	9.60094924841e-09	-2.0	0.0	35.4433575286	39.61592002
302696326.614	986175.0105	3.66422464213e-08	1.34830315347e-08	-2.0	0.0	14.3393422081	47.8250852313
304668676.636	986175.0105	9.04614627551e-08	1.50625432064e-08	-2.0	0.0	112.146868892	117.118839581
306641026.656	986175.0105	2.65660364291e-08	8.53199148715e-09	-2.0	0.0	22.3884859578	41.5757904378
308613376.678	986175.0105	4.01587987479e-08	1.1483288083e-08	-2.0	0.0	32.0103483973	51.4338726177
310585726.698	986175.01	8.55353947944e-08	1.36758576897e-08	-2.0	0.0	92.9995036898	111.739519562
312558076.719	986175.0105	1.14681945828e-07	1.55655212014e-08	-2.0	0.0	184.730052939	149.712546362
314530426.739	986175.0105	5.07494659511e-08	1.22116795115e-08	-2.0	0.0	44.940758722	63.3978529932
316502776.761	986175.0105	4.6415559632e-08	1.23966332019e-08	-2.0	0.0	32.0211536563	56.8156624215
318475126.781	986175.0105	1.06081745205e-07	1.5032080954e-08	-2.0	0.0	139.503722032	131.473500587
320447476.803	986175.0105	2.86572626855e-08	9.97238136634e-09	-2.0	0.0	19.0056676041	38.727975721
322419826.823	986175.01	2.48546889376e-08	8.65393204941e-09	-2.0	0.0	30.9928224544	31.7086816485
324392176.844	986175.0105	1.87174715061e-08	7.1020259494e-09	-2.0	0.0	22.393516573	30.59266204
326364526.864	986175.0105	3.53281535652e-08	1.03624802819e-08	-2.0	0.0	31.5455627558	46.0207645724
328336876.886	986175.0105	5.52922926283e-08	1.20904371705e-08	-2.0	0.0	46.5874209032	73.9981662353
330309226.906	986175.0105	6.32453510364e-08	1.33349113137e-08	-2.0	0.0	54.5907204652	82.9547014511
332281576.928	986175.0105	1.69516828056e-08	8.96986120348e-09	-2.0	0.0	9.26173418977	21.7931345329
334253926.948	986175.01	4.39918315001e-08	1.42656373003e-08	-2.0	0.0	24.876566339	57.401059792
336226276.969	986175.0105	6.60957114319e-08	1.27510292616e-08	-2.0	0.0	80.7631418699	93.4063403043
338198626.989	986175.0105	1.91329491724e-07	1.78639422275e-08	-2.0	0.0	385.986628012	275.745604636
340170977.011	986175.0105	3.91861582839e-07	2.20784538581e-08	-2.0	0.0	1190.95691649	575.601332226
342143327.031	986175.0105	5.17690361862e-07	2.63774881193e-08	-2.0	0.0	1853.37412086	733.102514554
344115677.053	986175.0105	1.37347787251e-07	1.60127378883e-08	-2.0	0.0	234.378725619	207.90564689
346088027.073	986175.01	3.52478356827e-08	1.13275616903e-08	-2.0	0.0	21.5187933725	46.5908484953
348060377.094	986175.0105	4.37421045601e-08	1.06380104837e-08	-2.0	0.0	46.6275753813	57.4775462093
350032727.114	986175.0105	3.3816372647e-08	9.9463914177e-09	-2.0	0.0	40.8632106183	44.133839891
352005077.136	986175.0105	2.58694527612e-08	1.01063301086e-08	-2.0	0.0	15.6121945307	33.6512483619
353977427.156	986175.0105	5.68219912211e-08	1.27465102891e-08	-2.0	0.0	54.1733599115	75.322752043
355949777.178	986175.0105	1.85111892406e-07	1.80060984736e-08	-2.0	0.0	342.963127465	243.924843904
357922127.198	986175.01	1.12685277177e-07	1.62181736272e-08	-2.0	0.0	152.668702432	145.692585806
359894477.219	986175.0105	1.75399476051e-07	1.81287139636e-08	-2.0	0.0	324.520441993	227.667461267
361866827.239	986175.0105	1.7631768477e-07	1.84713702488e-08	-2.0	0.0	334.713711236	232.600721635
363839177.261	986175.0105	8.35996998968e-08	1.30716635945e-08	-2.0	0.0	120.587658024	125.017785952
365811527.281	986175.0105	4.85418738729e-08	0.0	-2.0	0.0	5.34976778022	23.0588169476
367783877.303	986175.0105	4.18900649807e-08	0.0	-2.0	0.0	5.84348151837	21.4165035446
369756227.323	986175.01	7.92331091072e-08	1.37326262329e-08	-2.0	0.0	81.8270994014	100.687967186
371728577.344	986175.0105	6.09739476494e-08	1.16934334518e-08	-2.0	0.0	68.0980451045	89.3301368118
373700927.364	986175.0105	1.27144843688e-07	1.63568222944e-08	-2.0	0.0	181.420987283	179.872449657
375673277.386	986175.0105	4.67062088372e-08	1.12124869409e-08	-2.0	0.0	54.7612809678	69.5594103969
377645627.406	986175.0105	2.74206579535e-08	9.67644581979e-09	-2.0	0.0	18.0494428738	35.9526006218
379617977.428	986175.0105	3.53343630619e-08	1.01863135449e-08	-2.0	0.0	35.813573889	44.0180506493
381590327.448	986175.01	3.76087272018e-08	1.16008725057e-08	-2.0	0.0	29.0219836541	48.1864191897
383562677.469	986175.0105	7.79123791778e-08	1.27224165531e-08	-2.0	0.0	108.226141518	120.041990141
385535027.489	986175.0105	7.80178493063e-08	1.40299906622e-08	-2.0	0.0	88.3476926996	100.857395113
387507377.511	986175.0105	4.55859605043e-08	1.10103062178e-08	-2.0	0.0	41.4742163601	62.4098920803
389479727.531	986175.0105	1.2362599599e-07	1.69947422164e-08	-2.0	0.0	173.352683446	160.348341979
391452077.553	986175.0105	9.86609858508e-08	1.53689980556e-08	-2.0	0.0	121.260985813	127.33422978
393424427.573	986175.01	9.3484620417e-08	1.46756515018e-08	-2.0	0.0	135.379978265	122.527175702
395396777.594	986175.0105	1.37116169435e-07	1.85666459402e-08	-2.0	0.0	162.564792976	172.895390999
397369127.614	986175.0105	3.96054111594e-08	1.22136706024e-08	-2.0	0.0	26.1776695482	48.9105090028
399341477.636	986175.0105	3.19026720907e-08	1.05811638998e-08	-2.0	0.0	27.7980412528	40.6323768755
401313827.656	986175.0105	6.09325603274e-08	1.19501138267e-08	-2.0	0.0	79.4705485656	85.9407283376
403286177.678	986175.0105	4.32687945255e-08	1.06182169607e-08	-2.0	0.0	38.3490140511	69.5827672183
405258527.698	986175.01	4.96053323611e-08	1.10868091219e-08	-2.0	0.0	57.3676811311	72.6679551215
407230877.719	986175.0105	4.44539012022e-08	1.18704888709e-08	-2.0	0.0	41.1285538328	59.386857823
409203227.739	986175.0105	8.98589214705e-08	1.47560973667e-08	-2.0	0.0	107.006347034	119.913925574
411175577.761	986175.0105	7.18907383815e-08	1.36321450518e-08	-2.0	0.0	76.7013270374	77.3328404915
413147927.781	986175.0105	9.92346041693e-08	1.40640585895e-08	-2.0	0.0	133.209092328	155.767822913
415120277.803	986175.0105	1.85043639966e-07	2.00517766344e-08	-2.0	0.0	240.038862264	187.169732163
417092627.823	986175.01	2.06983228943e-07	1.97531850344e-08	-2.0	0.0	402.388549872	279.244101544
419064977.844	986175.0105	1.93909403533e-07	1.89341392474e-08	-2.0	0.0	348.214155316	251.458044522
421037327.864	986175.0105	1.18567030677e-07	1.63036259236e-08	-2.0	0.0	142.949837319	155.841444323
423009677.886	986175.0105	7.4070527077e-08	1.40714846196e-08	-2.0	0.0	78.3512527416	86.8958666156
424982027.906	986175.0105	3.32247790796e-08	1.12160424225e-08	-2.0	0.0	28.996801191	32.9730737268
426954377.928	986175.0105	2.80726463643e-08	9.90847876574e-09	-2.0	0.0	21.981775612	35.4679629042
428926727.948	986175.01	6.91253808117e-08	1.61971841777e-08	-2.0	0.0	44.9094426326	76.3544366794
430899077.969	986175.0105	6.30479923548e-08	1.26632125882e-08	-2.0	0.0	66.343936719	83.7271240618
432871427.989	986175.0105	1.00898495209e-07	1.50722624545e-08	-2.0	0.0	129.312946109	127.201760668
434843778.011	986175.0105	2.83155967201e-08	9.3626644311e-09	-2.0	0.0	32.7848385169	30.3733911508
436816128.031	986175.0105	3.54487281678e-08	1.10460518735e-08	-2.0	0.0	19.5128923705	44.8915689043
438788478.053	986175.0105	4.17202481011e-08	1.09784487983e-08	-2.0	0.0	41.016316614	49.1308501025
440760828.073	986175.01	6.55164470004e-08	1.17100114384e-08	-2.0	0.0	86.3793486307	95.0935909083
442733178.094	986175.0105	2.31938313193e-08	9.71567805872e-09	-2.0	0.0	10.2221650355	29.4728354745
444705528.114	986175.0105	8.79578758261e-08	1.37637535915e-08	-2.0	0.0	125.799898458	110.307392608
446677878.136	986175.0105	7.9986717609e-08	1.45416087694e-08	-2.0	0.0	114.770538057	104.985218902
448650228.156	986175.0105	1.76277763748e-07	1.72523504003e-08	-2.0	0.0	350.410711843	224.337092359
450622578.178	986175.0105	7.5397747489e-08	1.39009383182e-08	-2.0	0.0	74.1630722957	98.2943885955
452594928.198	986175.01	6.61716471515e-08	1.20710131338e-08	-2.0	0.0	93.1237630982	89.6647530578
454567278.219	986175.0105	2.600176091e-08	9.36779401657e-09	-2.0	0.0	20.196379317	34.2293712524
456539628.239	986175.0105	4.85805170512e-08	9.56540372054e-12	-2.0	0.0	17.4393007938	61.7430349494
458511978.261	986175.0105	9.15125482697e-08	1.54516343674e-08	-2.0	0.0	100.324824003	118.66974886
460484328.281	986175.0105	1.63801359418e-07	1.86401869058e-08	-2.0	0.0	243.988144312	210.818947314
462456678.303	986175.0105	8.50604905267e-08	1.36026284052e-08	-2.0	0.0	105.040483076	109.166430613
464429028.323	986175.01	5.45334325438e-08	1.1665723619e-08	-2.0	0.0	56.4282869517	82.3150553419
466401378.344	986175.0105	8.3027869683e-08	1.29682614877e-08	-2.0	0.0	143.993391966	115.880896004
468373728.364	986175.0105	5.09653764112e-08	1.11047166914e-08	-2.0	0.0	56.6413647286	79.2094046104
470346078.386	986175.0105	2.24386665126e-07	1.919434874e-08	-2.0	0.0	523.682194035	315.939692975
472318428.406	986175.0105	1.20417819435e-07	1.5395978137e-08	-2.0	0.0	184.961101938	174.926909482
474290778.428	986175.0105	1.04802017048e-07	1.43319270687e-08	-2.0	0.0	170.701690528	163.28000519
476263128.448	986175.01	1.10362549787e-07	1.53518465181e-08	-2.0	0.0	158.856951416	140.823052667
478235478.469	986175.0105	9.07223551391e-08	1.41752215399e-08	-2.0	0.0	127.558883167	119.077043708
480207828.489	986175.0105	1.0575473036e-07	1.49133961144e-08	-2.0	0.0	146.805751468	140.833339187
482180178.511	986175.0105	7.75851385112e-08	1.36863966131e-08	-2.0	0.0	93.0922149396	102.099713524
484152528.531	986175.0105	3.54427705669e-08	1.035809147e-08	-2.0	0.0	27.8020280977	45.7863942371
486124878.553	986175.0105	4.66736761948e-08	1.14048820385e-08	-2.0	0.0	46.5913069471	61.6993583922
488097228.573	986175.01	5.66584740815e-08	1.32716038748e-08	-2.0	0.0	47.0970167059	68.2136540211
490069578.594	986175.0105	6.16143745288e-08	1.26827481928e-08	-2.0	0.0	70.4873211847	80.5048017014
492041928.614	986175.0105	9.60086215571e-08	1.74940002458e-08	-2.0	0.0	101.180255869	117.102908623
494014278.636	986175.0105	3.27814461277e-08	1.10754182433e-08	-2.0	0.0	17.927612068	41.2832094728
495986628.656	986175.0105	3.82823347782e-08	9.65757811966e-09	-2.0	0.0	46.4806832391	54.8935143627
497958978.678	986175.0105	5.70260748668e-08	1.08675086376e-08	-2.0	0.0	90.1862661492	87.0303967331
499931328.698	986175.01	6.00669569458e-08	1.2067975463e-08	-2.0	0.0	65.6640713046	76.8954141788
501903678.719	986175.0105	7.9044196512e-08	1.25328627921e-08	-2.0	0.0	129.484191391	112.830929537
503876028.739	986175.0105	4.09149734365e-08	1.08024206642e-08	-2.0	0.0	59.664724024	51.1427103413
505848378.761	986175.0105	5.45941433193e-08	1.15264314279e-08	-2.0	0.0	72.6761107041	70.2809936932
507820728.781	986175.0105	7.64101833616e-08	1.29287898087e-08	-2.0	0.0	126.300806249	97.7882298899
509793078.803	986175.0105	6.31908520562e-08	1.15353030065e-08	-2.0	0.0	105.036816347	89.1971518921
511765428.823	986175.01	6.61388795366e-08	1.24571048206e-08	-2.0	0.0	124.535920534	90.612382549
513737778.844	986175.0105	3.63764967883e-08	1.02217795783e-08	-2.0	0.0	37.4225789919	55.4342861908
515710128.864	986175.0105	2.83266902411e-08	9.5579738519e-09	-2.0	0.0	24.0515307588	37.4999433317
517682478.886	986175.0105	2.85829765247e-08	8.68576853882e-09	-2.0	0.0	35.579617585	38.3598352254
519654828.906	986175.0105	2.10296385949e-08	7.96346670276e-09	-2.0	0.0	18.1809189459	29.7776755264
521627178.928	986175.0105	2.73835220084e-08	9.36993039555e-09	-2.0	0.0	17.7945723365	36.3050976525
523599528.948	986175.01	4.0553632445e-08	1.21698718737e-08	-2.0	0.0	36.544225984	53.7402875857
525571878.969	986175.0105	2.02845980913e-08	7.48214448326e-09	-2.0	0.0	31.9457851865	25.9244738987
527544228.989	986175.0105	2.43126455717e-08	8.85093731332e-09	-2.0	0.0	28.1588196376	34.9464674156
529516579.011	986175.0105	2.9584036416e-08	9.46482952959e-09	-2.0	0.0	24.168291436	43.0192643514
531488929.031	986175.0105	4.37363992778e-08	1.12882337342e-08	-2.0	0.0	38.1691702999	65.5611367836
533461279.053	986175.0105	2.62809691637e-08	8.56745281177e-09	-2.0	0.0	22.976432768	38.9465766842
535433629.073	986175.01	3.47733970249e-08	0.0	-2.0	0.0	3.52540999743	15.4107948394
537405979.094	986175.0105	5.22590773255e-08	1.22930235371e-08	-2.0	0.0	47.0106502519	63.1363205762
539378329.115	986175.0105	4.22496008329e-08	1.05389676356e-08	-2.0	0.0	63.4114144667	46.4418876705
541350679.135	986175.0105	2.17535597869e-08	8.369308723e-09	-2.0	0.0	15.2897106865	28.5505459879
543323029.157	986175.0105	5.66506143611e-08	0.0	-2.0	0.0	6.09834909806	8.85754966971
545295379.178	986175.0105	3.67250679302e-08	0.0	-2.0	0.0	1.31068583173	4.74373306246
547267729.198	986175.01	2.8068953855e-08	8.7992742626e-09	-2.0	0.0	23.7081224812	45.952237633
549240079.218	986175.0105	5.73150261147e-08	1.16095298055e-08	-2.0	0.0	67.8940487114	82.1633634839
551212429.24	986175.0105	5.50827373536e-08	1.28884591904e-08	-2.0	0.0	56.5868913587	66.3002660868
553184779.26	986175.0105	6.66636772276e-08	0.0	-2.0	0.0	2.90462445434	3.75672232408
555157129.282	986175.0105	6.63702727718e-08	0.0	-2.0	0.0	8.33215069665	25.5423168167
557129479.303	986175.0105	3.27683838459e-08	1.63385766716e-08	-2.0	0.0	13.6335099418	14.4355428976
559101829.323	986175.01	4.51926159473e-08	1.0720734645e-08	-2.0	0.0	46.0549020397	61.4698674096
561074179.343	986175.0105	4.35412909346e-08	0.0	-2.0	0.0	2.46203501082	5.52912851795
563046529.365	986175.0105	4.24979594242e-08	9.30076051385e-09	-2.0	0.0	49.0986094725	88.227875495
565018879.385	986175.0105	2.69881398866e-08	9.12824347647e-09	-2.0	0.0	21.9525983439	35.8965195336
566991229.407	986175.0105	2.35397625091e-08	1.00185791189e-08	-2.0	0.0	13.4765162106	24.989436583
568963579.428	986175.0105	5.0478357837e-08	1.25363182321e-08	-2.0	0.0	45.7179412077	64.7464296509
570935929.448	986175.01	7.49962310493e-08	0.0	-2.0	0.0	7.96014295738	18.5779284358
572908279.468	986175.0105	3.80161233831e-08	1.29523038718e-08	-2.0	0.0	30.4582946941	37.8830309842
574880629.49	986175.0105	3.70768609337e-08	1.08425586558e-08	-2.0	0.0	23.4351153584	47.7845229262
576852979.51	986175.0105	2.71376388917e-08	9.31065480557e-09	-2.0	0.0	21.659740947	46.0430912014
578825329.532	986175.0105	4.98964583033e-08	0.0	-2.0	0.0	6.84845421574	26.9831415061
580797679.553	986175.0105	2.85398997017e-08	9.26906058669e-09	-2.0	0.0	30.3079359693	45.4709455143
582770029.573	986175.01	3.99829972996e-08	1.01327954648e-08	-2.0	0.0	44.4363202725	55.9541591699
584742379.593	986175.0105	3.22005315533e-08	1.64993258538e-08	-2.0	0.0	9.65867999185	18.7049174018
586714729.615	986175.0105	6.68856829876e-08	0.0	-2.0	0.0	5.06485804971	25.3478022358
588687079.635	986175.0105	5.21541683027e-08	0.0	-2.0	0.0	5.86484209525	18.9161409625
590659429.657	986175.0105	6.0018554232e-08	1.19163252598e-08	-2.0	0.0	77.7980806769	87.5142178267
592631779.678	986175.0105	8.12602108805e-08	1.39992181842e-08	-2.0	0.0	101.523256294	121.954818931
594604129.698	986175.01	4.09016557811e-08	1.04350809522e-08	-2.0	0.0	42.8029769352	68.2788078339
596576479.718	986175.0105	2.52772590778e-08	8.41506743175e-09	-2.0	0.0	24.6988316931	40.2743090306
598548829.74	986175.0105	3.22303684661e-08	1.20321058554e-08	-2.0	0.0	26.1390706701	26.6781966155
600521179.76	986175.0105	4.35625728156e-08	0.0	-2.0	0.0	2.95948132527	13.3020242391
602493529.782	986175.0105	4.75177468081e-08	1.61114929686e-08	-2.0	0.0	35.5708226414	29.5738738111
604465879.803	986175.0105	4.7195963782e-08	0.0	-2.0	0.0	1.66197126393	12.9311411886
606438229.823	986175.01	3.39274813014e-08	1.12239941673e-08	-2.0	0.0	23.3823265059	42.2378684355
608410579.843	986175.0105	3.90707873901e-08	9.15867017746e-09	-2.0	0.0	55.0981368674	64.5284062833
610382929.865	986175.0105	4.61321864026e-08	1.08688996297e-08	-2.0	0.0	53.5502419015	66.7225319829
612355279.885	986175.0105	2.87521552933e-08	8.95429171929e-09	-2.0	0.0	35.8723085177	40.030977795
614327629.907	986175.0105	3.38188402892e-08	1.04624056464e-08	-2.0	0.0	24.7813995837	47.2009837418
616299979.928	986175.0105	5.62040325319e-08	1.75689919081e-08	-2.0	0.0	28.1914083239	38.000130708
618272329.948	986175.01	4.86238627835e-08	1.68533742923e-08	-2.0	0.0	17.5518832916	40.2134837225
620244679.968	986175.0105	2.01899459566e-08	8.72961955599e-09	-2.0	0.0	14.0719432744	24.7183865984
622217029.99	986175.0105	2.59117276773e-08	8.75478484403e-09	-2.0	0.0	28.203175646	33.5208700353
