# Time (MET) Delta_Time Flux(ph cm-2 s-1) Delta_Flux Index Delta_Index TS Npred
245169451.007	657450.007	1.07950729318e-07	1.8288819094e-08	-2.0	0.0	122.799874482	91.0271610115
246484351.021	657450.007	5.4094668706e-08	1.35938218528e-08	-2.0	0.0	43.3361675549	59.9380178079
247799251.035	657450.007	3.87460101909e-08	1.03036980535e-08	-2.0	0.0	53.1427218686	52.4799722926
249114151.049	657450.007	3.39926297289e-08	1.30575980848e-08	-2.0	0.0	12.7249169978	35.3561640446
250429051.062	657450.0065	8.46569942949e-08	1.72521214398e-08	-2.0	0.0	73.6643872641	72.1160402201
251743951.076	657450.007	3.9664512969e-08	0.0	-2.0	0.0	5.32644156304	19.2425430393
253058851.09	657450.007	2.19977956045e-08	9.1235584606e-09	-2.0	0.0	15.4088803377	28.1313276306
254373751.104	657450.007	4.70391940313e-08	0.0	-2.0	0.0	4.16844200234	13.8457844219
255688651.118	657450.007	3.52891779219e-08	1.44548869781e-08	-2.0	0.0	10.9290242561	36.0245203665
257003551.132	657450.007	2.85482409124e-08	1.05272983529e-08	-2.0	0.0	19.3763095236	38.470756947
258318451.146	657450.007	4.65828940512e-08	1.48704685568e-08	-2.0	0.0	34.3320608557	36.259339154
259633351.16	657450.007	3.61794167699e-08	1.22468787099e-08	-2.0	0.0	29.1507568394	32.1473971662
260948251.174	657450.007	2.50162978202e-08	1.01560006117e-08	-2.0	0.0	12.7757971038	32.587067901
262263151.188	657450.0065	2.68086258407e-08	1.08918368134e-08	-2.0	0.0	10.1518338102	34.9774368721
263578051.201	657450.007	2.43246253262e-08	0.0	-2.0	0.0	0.166197769708	2.01443531401
264892951.215	657450.007	1.63322889553e-08	8.32514311625e-09	-2.0	0.0	10.3898979419	18.3552414632
266207851.229	657450.007	3.53159165305e-08	0.0	-2.0	0.0	5.59009516957	16.731301714
267522751.243	657450.007	3.91625625134e-08	0.0	-2.0	0.0	3.25751851376	12.9030098419
268837651.257	657450.007	5.14792661893e-08	0.0	-2.0	0.0	7.09273056496	17.455316156
270152551.271	657450.007	1.57394979515e-08	8.91610044176e-09	-2.0	0.0	9.22743948943	18.3176558355
271467451.285	657450.007	5.74483093056e-08	0.0	-2.0	0.0	8.17461371846	28.4956837634
272782351.299	657450.007	1.97412413243e-08	1.11507377871e-08	-2.0	0.0	9.98293866529	16.9997726531
274097251.312	657450.0065	3.74686776253e-08	1.36031182285e-08	-2.0	0.0	17.5361563208	32.0945584406
275412151.326	657450.007	4.70376293032e-08	1.6454177638e-08	-2.0	0.0	15.4272317483	38.8068126348
276727051.34	657450.007	2.0628316705e-07	2.30589589318e-08	-2.0	0.0	264.585404982	173.952686961
278041951.354	657450.007	1.85137108905e-07	2.2867754091e-08	-2.0	0.0	250.042685233	157.882291908
279356851.368	657450.007	1.46637755934e-07	2.07231679021e-08	-2.0	0.0	145.913084377	126.922431533
280671751.382	657450.007	4.39682844741e-08	1.57802504351e-08	-2.0	0.0	14.3694006563	37.49252076
281986651.396	657450.007	4.79118848956e-08	1.39530881145e-08	-2.0	0.0	22.9662114911	41.3598109151
283301551.41	657450.007	3.04441557988e-08	1.27059132217e-08	-2.0	0.0	13.7962465243	26.0138052588
284616451.424	657450.007	5.04500220977e-08	1.42384794125e-08	-2.0	0.0	38.5139519026	44.2827790962
285931351.438	657450.0065	3.72487942075e-08	1.26455695982e-08	-2.0	0.0	18.1145849333	31.8710011751
287246251.451	657450.007	7.67258951952e-08	1.62159854654e-08	-2.0	0.0	77.7807821549	66.2828970841
288561151.465	657450.007	3.2661936145e-08	1.15291297194e-08	-2.0	0.0	22.9161610207	29.3829029038
289876051.479	657450.007	5.96839484747e-08	1.49895206613e-08	-2.0	0.0	38.9587666697	56.8369921696
291190951.493	657450.007	4.49122904502e-08	1.35348660139e-08	-2.0	0.0	24.8367836894	40.6982193607
292505851.507	657450.007	4.99620279226e-08	1.30649721124e-08	-2.0	0.0	44.6769406966	44.5669592353
293820751.521	657450.007	5.29284647825e-08	1.3533671502e-08	-2.0	0.0	55.3726065047	53.8831448169
295135651.535	657450.007	1.89972906761e-08	1.06970080311e-08	-2.0	0.0	9.64742834954	19.2795339906
296450551.549	657450.007	4.2926077383e-08	1.23246220089e-08	-2.0	0.0	26.7217582273	38.5185088353
297765451.562	657450.0065	2.27594289173e-08	1.03536051387e-08	-2.0	0.0	20.4385927295	21.4344506317
299080351.576	657450.007	3.48253125575e-08	0.0	-2.0	0.0	3.24577117076	8.53979676958
300395251.59	657450.007	4.15174129779e-08	1.32253752164e-08	-2.0	0.0	34.1663721176	35.4393122483
301710151.604	657450.007	3.61203285376e-08	1.38612288551e-08	-2.0	0.0	16.2918394782	30.2325467068
303025051.618	657450.007	6.75724086528e-08	0.0	-2.0	0.0	3.12233266987	20.3025293591
304339951.632	657450.007	9.13116510429e-08	1.75768300147e-08	-2.0	0.0	82.9589991139	77.9727860766
305654851.646	657450.007	6.5470655685e-08	1.55398503392e-08	-2.0	0.0	44.5363451084	57.6849944584
306969751.66	657450.007	4.41821690853e-08	0.0	-2.0	0.0	8.98095030236	19.8385138375
308284651.674	657450.007	3.51815510236e-08	1.29130384456e-08	-2.0	0.0	23.5717358614	29.6281374071
309599551.688	657450.0065	4.87180093012e-08	1.44333156461e-08	-2.0	0.0	20.8913160623	42.7155092992
310914451.701	657450.007	1.07053595762e-07	1.83560949931e-08	-2.0	0.0	84.2670397184	92.7987607646
312229351.715	657450.007	1.22246253927e-07	1.94127829563e-08	-2.0	0.0	134.983228113	107.938454536
313544251.729	657450.007	8.05123803128e-08	1.73690345869e-08	-2.0	0.0	75.6443344094	69.6145597718
314859151.743	657450.007	4.16464216772e-08	1.45688392693e-08	-2.0	0.0	17.5664562381	33.6305665242
316174051.757	657450.007	5.54439046846e-08	1.64909119937e-08	-2.0	0.0	26.3367369013	43.5856346997
317488951.771	657450.007	6.82096011185e-08	1.62864813225e-08	-2.0	0.0	45.0313088105	58.7286308332
318803851.785	657450.007	1.06411604304e-07	1.82962231866e-08	-2.0	0.0	95.9660563523	86.7513235493
320118751.799	657450.007	3.33302918275e-08	1.23521997545e-08	-2.0	0.0	17.7829491166	28.8309341001
321433651.812	657450.0065	2.64027024481e-08	1.08718232241e-08	-2.0	0.0	23.2678280279	26.1494155299
322748551.826	657450.007	4.45176883331e-08	0.0	-2.0	0.0	8.27925258685	12.7978544169
324063451.84	657450.007	1.68940971545e-08	8.49356472279e-09	-2.0	0.0	10.5467076616	18.5678833861
325378351.854	657450.007	2.65424976148e-08	1.06588852137e-08	-2.0	0.0	19.8270988326	25.6242139865
326693251.868	657450.007	3.70141743026e-08	1.25820665987e-08	-2.0	0.0	24.3116985142	32.2828535918
328008151.882	657450.007	4.00894529139e-08	1.36966230301e-08	-2.0	0.0	21.8324565071	35.2851846984
329323051.896	657450.007	7.36420576935e-08	1.62277143488e-08	-2.0	0.0	43.1482399153	64.9276459391
330637951.91	657450.007	5.6343047264e-08	1.62203265509e-08	-2.0	0.0	33.0946130887	50.0467019014
331952851.924	657450.007	2.4930901764e-08	1.21458994146e-08	-2.0	0.0	10.9374592415	21.3722950097
333267751.938	657450.0065	1.77209262399e-08	0.0	-2.0	0.0	-0.001214093827	0.0189604493308
334582651.951	657450.007	7.367092511e-08	2.11484624165e-08	-2.0	0.0	32.5893800471	65.1071821447
335897551.965	657450.007	3.25435849709e-08	1.16321394613e-08	-2.0	0.0	21.7908683698	30.2463021734
337212451.979	657450.007	1.40921406556e-07	1.88006972218e-08	-2.0	0.0	173.48705483	148.199191515
338527351.993	657450.007	2.36808420266e-07	2.39702624428e-08	-2.0	0.0	307.458768596	206.536229281
339842252.007	657450.007	4.98819463639e-07	2.89843610753e-08	-2.0	0.0	1186.84783039	508.493255337
341157152.021	657450.007	4.27757179856e-07	2.83507508939e-08	-2.0	0.0	898.974987929	402.071191384
342472052.035	657450.007	4.49280387175e-07	2.99718977942e-08	-2.0	0.0	982.172254609	415.896747287
343786952.049	657450.007	1.6159120243e-07	2.0587747711e-08	-2.0	0.0	202.882663148	161.618101618
345101852.062	657450.0065	8.13533001385e-08	1.65748795414e-08	-2.0	0.0	51.9692128223	78.1887765899
346416752.076	657450.007	2.48622328393e-08	1.18090565938e-08	-2.0	0.0	11.5262057114	21.7120808066
347731652.09	657450.007	2.90190196217e-08	1.16371011185e-08	-2.0	0.0	17.3306507378	25.3494353337
349046552.104	657450.007	5.96342426065e-08	1.40671512188e-08	-2.0	0.0	64.4425502518	52.5491461631
350361452.118	657450.007	5.86982213444e-08	0.0	-2.0	0.0	8.90116410105	20.8613457864
351676352.132	657450.007	2.97668591843e-08	1.27534836984e-08	-2.0	0.0	13.1642405764	25.8487661255
352991252.146	657450.007	3.20629068215e-08	1.35249265019e-08	-2.0	0.0	11.677120085	28.6970805946
354306152.16	657450.007	6.97343712066e-08	1.68642475968e-08	-2.0	0.0	50.3358501472	60.1540807034
355621052.174	657450.007	1.28302260411e-07	1.94183916456e-08	-2.0	0.0	143.219497647	112.611591563
356935952.188	657450.0065	1.6981457709e-07	2.16517158929e-08	-2.0	0.0	202.625104695	147.959439279
358250852.201	657450.007	1.48057935122e-07	2.27099700877e-08	-2.0	0.0	131.019769616	127.568001894
359565752.215	657450.007	1.94160843656e-07	2.3177419683e-08	-2.0	0.0	244.671197923	166.777229321
360880652.229	657450.007	1.52368061902e-07	2.05825762245e-08	-2.0	0.0	219.506809371	135.862759613
362195552.243	657450.007	1.76514289167e-07	2.30781587755e-08	-2.0	0.0	194.386888348	152.677308067
363510452.257	657450.007	9.06277843489e-08	1.6121559443e-08	-2.0	0.0	94.7690736618	96.3568428237
364825352.271	657450.007	4.89736829523e-08	1.53829663755e-08	-2.0	0.0	24.710774582	42.4044228695
366140252.285	657450.007	5.34674179216e-08	0.0	-2.0	0.0	4.4058032958	15.2679031478
367455152.299	657450.007	5.49233506861e-08	0.0	-2.0	0.0	6.92247210386	19.0393964957
368770052.312	657450.0065	6.32779629875e-08	0.0	-2.0	0.0	7.03161476033	24.0410097368
370084952.326	657450.007	8.26258743361e-08	1.73223343834e-08	-2.0	0.0	64.0886960356	66.495544195
371399852.34	657450.007	6.10031731517e-08	1.40874470888e-08	-2.0	0.0	49.3561282474	58.1197332644
372714752.354	657450.007	1.16484722736e-07	1.87814191889e-08	-2.0	0.0	112.362443804	117.906792796
374029652.368	657450.007	9.39659715003e-08	1.81165836446e-08	-2.0	0.0	75.0188853677	85.9504513985
375344552.382	657450.007	5.00413280632e-08	1.36442805652e-08	-2.0	0.0	38.5425012468	49.3682300703
376659452.396	657450.007	4.02596025648e-08	1.31776901073e-08	-2.0	0.0	30.4201380319	40.0015483983
377974352.41	657450.007	4.89805732952e-08	0.0	-2.0	0.0	4.84203671891	14.7708239361
379289252.424	657450.007	2.4178633557e-08	1.06670533935e-08	-2.0	0.0	18.0765805903	20.0112309659
380604152.438	657450.0065	3.75991610669e-08	1.34162051855e-08	-2.0	0.0	18.932433301	32.0394233949
381919052.451	657450.007	4.50927812733e-08	1.54509185972e-08	-2.0	0.0	25.2821967796	38.1900917531
383233952.465	657450.007	6.69802247629e-08	1.65271044908e-08	-2.0	0.0	35.4819043671	59.1390496181
384548852.479	657450.007	9.69485954468e-08	1.63043409455e-08	-2.0	0.0	109.741754755	104.371430092
385863752.493	657450.007	6.03421477591e-08	1.53920331914e-08	-2.0	0.0	48.4448990529	52.7176391669
387178652.507	657450.007	4.27527512045e-08	1.37355660041e-08	-2.0	0.0	20.2894912516	39.9437428073
388493552.521	657450.007	9.29212571331e-08	1.73823045835e-08	-2.0	0.0	89.6078326459	82.9316263705
389808452.535	657450.007	1.30407863382e-07	2.04244058836e-08	-2.0	0.0	113.569520375	109.246807954
391123352.549	657450.007	1.01794136422e-07	1.96262592758e-08	-2.0	0.0	88.0179934926	87.7681022781
392438252.562	657450.0065	8.12548626545e-08	1.62214572269e-08	-2.0	0.0	74.3883241279	70.6436575917
393753152.576	657450.007	1.00965789651e-07	1.9105429163e-08	-2.0	0.0	88.0428019328	87.7190576489
395068052.59	657450.007	1.52035024374e-07	2.22081905398e-08	-2.0	0.0	125.135779859	127.159937305
396382952.604	657450.007	8.77383126872e-08	1.84127634256e-08	-2.0	0.0	65.2267309814	74.0107339363
397697852.618	657450.007	6.99798192611e-08	0.0	-2.0	0.0	4.19825457514	21.4603931662
399012752.632	657450.007	3.05090937611e-08	1.30586073197e-08	-2.0	0.0	18.7935267412	24.6099689985
400327652.646	657450.007	5.0268410231e-08	1.34501117111e-08	-2.0	0.0	38.4281852551	48.2387474162
401642552.66	657450.007	5.66611219781e-08	1.43932344452e-08	-2.0	0.0	47.4917264087	51.9873964224
402957452.674	657450.007	3.88482630848e-08	1.31966515837e-08	-2.0	0.0	22.257431643	35.7788992038
404272352.688	657450.0065	4.50498774836e-08	1.3467440951e-08	-2.0	0.0	23.4104155398	47.787512308
405587252.701	657450.007	5.14104546472e-08	1.28354508987e-08	-2.0	0.0	48.0786597178	56.0829592941
406902152.715	657450.007	4.57768194615e-08	1.41919224986e-08	-2.0	0.0	24.8712962899	43.0203458258
408217052.729	657450.007	5.2382423905e-08	1.53853105472e-08	-2.0	0.0	43.9853384043	44.10427345
409531952.743	657450.007	1.09380748841e-07	1.88081450422e-08	-2.0	0.0	88.0186523552	97.1806597424
410846852.757	657450.007	6.08066058298e-08	1.49006112311e-08	-2.0	0.0	53.4417564891	45.7531823794
412161752.771	657450.007	4.94899687514e-08	1.48053626253e-08	-2.0	0.0	18.8217966253	50.2482047606
413476652.785	657450.007	1.47604861349e-07	2.08979865799e-08	-2.0	0.0	144.922925124	129.507483547
414791552.799	657450.007	1.79634482004e-07	2.54597669081e-08	-2.0	0.0	122.046975259	118.388363573
416106452.812	657450.0065	1.31623217088e-07	1.94524903798e-08	-2.0	0.0	142.852386851	108.858405429
417421352.826	657450.007	2.80157304952e-07	2.79628744468e-08	-2.0	0.0	397.040974321	244.751842321
418736252.84	657450.007	1.46656388762e-07	2.03713192593e-08	-2.0	0.0	162.264690397	128.975714243
420051152.854	657450.007	2.27992884589e-07	2.56465422279e-08	-2.0	0.0	270.251162297	195.820555669
421366052.868	657450.007	9.56841683065e-08	1.74713554052e-08	-2.0	0.0	71.1777265165	83.3627665399
422680952.882	657450.007	4.98901680217e-08	1.49162522737e-08	-2.0	0.0	28.321337973	43.0378449644
423995852.896	657450.007	1.12783206139e-07	2.24831324099e-08	-2.0	0.0	78.7422499487	64.8229071669
425310752.91	657450.007	2.11144971516e-08	1.07156461445e-08	-2.0	0.0	14.1196206684	15.3772071907
426625652.924	657450.007	2.18738239794e-08	1.17212504172e-08	-2.0	0.0	11.416693477	18.9128893695
427940552.938	657450.0065	3.59966049611e-08	1.51540331203e-08	-2.0	0.0	12.3876146488	27.2943616983
429255452.951	657450.007	8.5849543645e-08	2.00264380924e-08	-2.0	0.0	48.990161082	63.8841112466
430570352.965	657450.007	8.4791738966e-08	1.66723610292e-08	-2.0	0.0	67.4100588527	75.7329159534
431885252.979	657450.007	2.36382211804e-08	1.12235657713e-08	-2.0	0.0	14.0966108398	20.6895858036
433200152.993	657450.007	1.44231290603e-07	2.11105360215e-08	-2.0	0.0	139.519415617	118.155548491
434515053.007	657450.007	3.97486198786e-08	1.2987769957e-08	-2.0	0.0	34.9981437097	27.1977027163
435829953.021	657450.007	5.59195362725e-08	0.0	-2.0	0.0	7.38591796243	18.0743044635
437144853.035	657450.007	3.22300915554e-08	1.31316728287e-08	-2.0	0.0	11.7020704705	27.3649842415
438459753.049	657450.007	4.51014259182e-08	1.41163786421e-08	-2.0	0.0	28.9108888398	33.4458809108
439774653.062	657450.0065	4.59018359417e-08	1.21047394141e-08	-2.0	0.0	39.7857327442	42.2107992759
441089553.076	657450.007	7.29795158112e-08	1.53147849189e-08	-2.0	0.0	60.2433681785	70.6407739722
442404453.09	657450.007	3.99922229914e-08	0.0	-2.0	0.0	0.282519316603	5.02255040275
443719353.104	657450.007	7.36240908354e-08	1.51195697903e-08	-2.0	0.0	65.0153414141	61.0272861023
445034253.118	657450.007	8.04836299828e-08	1.68283678538e-08	-2.0	0.0	75.1419209406	66.2558064708
446349153.132	657450.007	5.45961193163e-08	1.68874278081e-08	-2.0	0.0	20.9088364733	47.8189786939
447664053.146	657450.007	1.23568187951e-07	8.56955827854e-09	-2.0	0.0	175.917402669	110.949583322
448978953.16	657450.007	2.00293021087e-07	2.26622215402e-08	-2.0	0.0	276.17068301	162.237890224
450293853.174	657450.007	9.18518457303e-08	1.78877926657e-08	-2.0	0.0	70.2011291995	81.1967247469
451608753.188	657450.0065	6.49480954488e-08	1.50107248854e-08	-2.0	0.0	49.8054456381	57.0380462599
452923653.201	657450.007	6.18312711312e-08	1.48745826902e-08	-2.0	0.0	53.9982753144	55.4496613006
454238553.215	657450.007	2.99507011868e-08	1.13497189764e-08	-2.0	0.0	19.7956184605	26.0919406494
455553453.229	657450.007	5.1176836349e-08	0.0	-2.0	0.0	8.82581836201	16.9409610008
456868353.243	657450.007	2.9618232899e-08	1.24849254732e-08	-2.0	0.0	11.5672992804	24.7756868228
458183253.257	657450.007	5.47113001589e-08	1.69832364368e-08	-2.0	0.0	22.6717664868	46.8110456463
459498153.271	657450.007	1.54064303767e-07	2.31000555723e-08	-2.0	0.0	136.034505534	135.905508723
460813053.285	657450.007	1.69050055662e-07	2.25042517392e-08	-2.0	0.0	190.855115147	142.782499754
462127953.299	657450.007	8.27999662352e-08	1.57919182141e-08	-2.0	0.0	70.0142971374	70.3449746445
463442853.312	657450.0065	7.60151476939e-08	1.69137430353e-08	-2.0	0.0	64.4823199549	70.8132367849
464757753.326	657450.007	5.35166282531e-08	1.43596882249e-08	-2.0	0.0	33.2532576604	54.0630017517
466072653.34	657450.007	9.33326206163e-08	1.67766641906e-08	-2.0	0.0	95.150352292	86.8764487695
467387553.354	657450.007	7.23256374355e-08	1.49682891862e-08	-2.0	0.0	77.3492360103	70.0693834833
468702453.368	657450.007	4.31220301528e-08	1.20779177248e-08	-2.0	0.0	34.6466403121	45.2926863808
470017353.382	657450.007	1.37736553135e-07	2.04642813227e-08	-2.0	0.0	152.788010757	130.316875217
471332253.396	657450.007	2.59898061954e-07	2.35561723529e-08	-2.0	0.0	461.450890881	247.328299257
472647153.41	657450.007	1.12479520704e-07	1.88800121841e-08	-2.0	0.0	111.074178899	108.19967071
473962053.424	657450.007	1.19209889887e-07	1.79215304814e-08	-2.0	0.0	149.930064271	132.864395803
475276953.438	657450.0065	4.53533780139e-08	1.46963276966e-08	-2.0	0.0	21.4593101125	38.460277575
476591853.451	657450.007	1.43057682573e-07	2.01200712369e-08	-2.0	0.0	164.572217541	124.401574668
477906753.465	657450.007	6.96297568464e-08	1.62151192032e-08	-2.0	0.0	55.6245933257	61.534513743
479221653.479	657450.007	1.16179649065e-07	1.83219906009e-08	-2.0	0.0	116.918363506	101.120809588
480536553.493	657450.007	1.10889542464e-07	1.84849114428e-08	-2.0	0.0	108.935240727	98.6811903481
481851453.507	657450.007	9.24568920155e-08	1.78131575189e-08	-2.0	0.0	84.484653187	81.5240608479
483166353.521	657450.007	3.33549561607e-08	1.26271534902e-08	-2.0	0.0	16.8042028456	28.4505095138
484481253.535	657450.007	4.22260838289e-08	1.36471354414e-08	-2.0	0.0	21.6652061196	36.868955633
485796153.549	657450.007	4.91355111231e-08	1.39640681902e-08	-2.0	0.0	35.5697719067	43.0633049575
487111053.562	657450.0065	4.42385120635e-08	1.42251616698e-08	-2.0	0.0	23.5049350456	38.8645889371
488425953.576	657450.007	6.67303718037e-08	1.74455991309e-08	-2.0	0.0	39.0907981683	51.3525782293
489740853.59	657450.007	6.77736044171e-08	1.58553663629e-08	-2.0	0.0	53.5296072898	59.8331868017
491055753.604	657450.007	9.21186889913e-08	1.96797860391e-08	-2.0	0.0	79.3545994314	79.750090614
492370653.618	657450.007	7.93505428741e-08	1.93418899899e-08	-2.0	0.0	43.6035237834	61.6093570027
493685553.632	657450.007	3.62180292462e-08	1.29500587647e-08	-2.0	0.0	16.4601203176	30.0313444225
495000453.646	657450.007	5.74994867916e-08	1.42004175478e-08	-2.0	0.0	44.5711598353	51.6467806745
496315353.66	657450.007	1.91474832453e-08	9.65367845278e-09	-2.0	0.0	11.2958458758	18.4991665848
497630253.674	657450.007	6.62596784502e-08	1.41063799658e-08	-2.0	0.0	71.6011845856	68.4932406792
498945153.688	657450.0065	5.27630645494e-08	1.33818557336e-08	-2.0	0.0	42.6322483245	47.2707559154
500260053.701	657450.007	5.57331161558e-08	1.43971833234e-08	-2.0	0.0	42.0576759857	48.8375658257
501574953.715	657450.007	6.52021180223e-08	1.44848708652e-08	-2.0	0.0	63.6165698564	63.6014963017
502889853.729	657450.007	7.50427859485e-08	1.55243185928e-08	-2.0	0.0	94.4200439586	69.518002256
504204753.743	657450.007	3.61455705258e-08	1.28938935983e-08	-2.0	0.0	29.8588712376	27.9962670098
505519653.757	657450.007	7.15238612038e-08	1.56069182518e-08	-2.0	0.0	72.1184478851	61.4656253136
506834553.771	657450.007	5.97309236021e-08	1.41668591391e-08	-2.0	0.0	61.7490762569	51.2792967845
508149453.785	657450.007	6.55378301156e-08	1.50535022835e-08	-2.0	0.0	62.2434314378	55.6061400709
509464353.799	657450.007	4.9928464952e-08	1.32003618914e-08	-2.0	0.0	48.6373083589	46.0914166032
510779253.812	657450.0065	6.69453049928e-08	1.50452477867e-08	-2.0	0.0	76.9336773185	63.9077674955
512094153.826	657450.007	8.1204819487e-08	1.64029785916e-08	-2.0	0.0	109.81195531	73.4076586787
513409053.84	657450.007	3.45003324398e-08	1.18498043329e-08	-2.0	0.0	26.2259700685	37.5719809731
514723953.854	657450.007	3.69172409984e-08	1.25232795578e-08	-2.0	0.0	22.3571566874	31.9555375694
516038853.868	657450.007	2.4005720762e-08	1.10975309966e-08	-2.0	0.0	11.4812252735	21.4058213371
517353753.882	657450.007	3.9568579074e-08	0.0	-2.0	0.0	5.8270064389	11.7367328885
518668653.896	657450.007	3.15210386123e-08	9.99493312694e-09	-2.0	0.0	36.0353714778	33.8871959256
519983553.91	657450.007	3.00551915308e-08	1.23309089611e-08	-2.0	0.0	14.3658425937	24.5733999746
521298453.924	657450.007	2.49460525565e-08	1.05539209082e-08	-2.0	0.0	12.1268669276	22.3923425412
522613353.938	657450.0065	2.66235632667e-08	1.22343911483e-08	-2.0	0.0	15.9817327321	23.027095195
523928253.951	657450.007	5.18775506055e-08	1.65287883886e-08	-2.0	0.0	27.5045015489	46.0773860483
525243153.965	657450.007	3.11667226024e-08	0.0	-2.0	0.0	6.27002195755	7.97078134548
526558053.979	657450.007	3.26978154402e-08	1.22157855426e-08	-2.0	0.0	29.0485240048	28.607500542
527872953.993	657450.007	2.68668208868e-08	1.02427070217e-08	-2.0	0.0	27.9868477376	27.0849056727
529187854.007	657450.007	2.64204118473e-08	1.11680654378e-08	-2.0	0.0	13.2765140561	26.1863605779
530502754.021	657450.007	4.7288410294e-08	1.36406824904e-08	-2.0	0.0	32.4225355897	43.670690395
531817654.035	657450.007	4.06411554747e-08	1.37153944113e-08	-2.0	0.0	20.6517403859	42.1882097198
533132554.049	657450.007	3.20728870863e-08	1.08969447787e-08	-2.0	0.0	20.5804540788	32.8955251197
534447454.062	657450.0065	4.39776876667e-08	0.0	-2.0	0.0	5.8176906817	13.2196237826
535762354.076	657450.007	3.68018691743e-08	0.0	-2.0	0.0	1.06873277893	7.72006211493
537077254.09	657450.007	5.02307863027e-08	1.37180767296e-08	-2.0	0.0	35.8935282513	45.6898229257
538392154.104	657450.007	5.01375732683e-08	1.54179168523e-08	-2.0	0.0	29.2536364668	36.7802106631
539707054.118	657450.007	3.85438129694e-08	1.2498154536e-08	-2.0	0.0	43.0095509097	25.6102590406
541021954.132	657450.007	2.76488595365e-08	1.11726256283e-08	-2.0	0.0	14.9354433637	23.9952741013
542336854.146	657450.007	4.19321871086e-08	0.0	-2.0	0.0	7.66156793922	14.6822515218
544966654.174	657450.007	4.53854822029e-08	0.0	-2.0	0.0	-0.000435025785919	0.00177644402943
546281554.188	657450.0065	3.16146761828e-08	1.20018200757e-08	-2.0	0.0	13.5220213007	32.1847954493
547596454.201	657450.007	1.67440197154e-08	8.28372090755e-09	-2.0	0.0	10.8428096408	18.7701180873
548911354.215	657450.007	7.67773194653e-08	1.63667878292e-08	-2.0	0.0	62.9537771039	64.4368286985
550226254.229	657450.007	4.0330736052e-08	1.25747678561e-08	-2.0	0.0	30.6792663668	45.3481537473
551541154.243	657450.007	4.49397277128e-08	1.49879295791e-08	-2.0	0.0	29.5061927746	30.2824175247
552856054.257	657450.007	1.02849346032e-07	0.0	-2.0	0.0	4.03083852063	3.84893326095
554170954.271	657450.007	3.65460027034e-08	0.0	-2.0	0.0	-0.00107090944221	0.010291841544
555485854.285	657450.007	3.25560003257e-08	1.65274474512e-08	-2.0	0.0	9.3213617093	24.0688671579
556800754.299	657450.007	4.33083808e-08	2.12098742693e-08	-2.0	0.0	15.112413916	14.454443569
558115654.312	657450.0065	7.60395683207e-08	0.0	-2.0	0.0	6.17894850884	14.2299074827
559430554.326	657450.007	4.83949948198e-08	1.28730198118e-08	-2.0	0.0	38.6061297841	47.6446658951
560745454.34	657450.007	4.35726005655e-08	0.0	-2.0	0.0	2.46147481795	5.50753609452
562060354.354	657450.007	4.46563333125e-08	1.8552201428e-08	-2.0	0.0	10.0916237129	35.6766569113
563375254.368	657450.007	3.88352535199e-08	1.03320871185e-08	-2.0	0.0	36.71143682	49.6063373279
564690154.382	657450.007	3.39613567848e-08	1.2630333829e-08	-2.0	0.0	18.5710724907	29.1694828867
566005054.396	657450.007	2.40361868464e-08	9.56859671917e-09	-2.0	0.0	14.4142957176	27.4674407605
567319954.41	657450.007	5.31185086435e-08	0.0	-2.0	0.0	3.4972772485	5.24985432098
568634854.424	657450.007	5.84815035328e-08	1.59661706208e-08	-2.0	0.0	42.3501057474	49.2869406443
569949754.438	657450.0065	3.1128786766e-08	1.20498001933e-08	-2.0	0.0	11.4921760621	31.9397873705
572579554.465	657450.007	6.73957886644e-08	0.0	-2.0	0.0	4.20116617812	14.8608002526
573894454.479	657450.007	4.11282996937e-08	1.5502769525e-08	-2.0	0.0	26.9705455281	33.1653529
575209354.493	657450.007	3.76255259655e-08	1.22235430345e-08	-2.0	0.0	21.2076532137	31.8942420639
576524254.507	657450.007	3.10210428253e-08	1.18113411855e-08	-2.0	0.0	18.4739009009	32.5904343894
577839154.521	657450.007	5.56029175595e-08	0.0	-2.0	0.0	5.51818301324	24.1295591939
579154054.535	657450.007	5.19483349255e-08	0.0	-2.0	0.0	4.45792647608	16.1439240828
580468954.549	657450.007	3.05440252569e-08	1.21660146795e-08	-2.0	0.0	23.3305632207	29.7020676101
581783854.562	657450.0065	4.24472564929e-08	1.21180269356e-08	-2.0	0.0	28.2040452244	48.7536320347
583098754.576	657450.007	3.07210560241e-08	1.15204050989e-08	-2.0	0.0	23.7258879319	26.766894594
584413654.59	657450.007	4.82288539529e-08	2.05580874601e-08	-2.0	0.0	14.1430822104	23.7143613544
585728554.604	657450.007	1.68219368617e-07	0.0	-2.0	0.0	2.75683157258	13.9502076602
587043454.618	657450.007	4.82682931004e-08	0.0	-2.0	0.0	1.74689003757	10.3524819475
588358354.632	657450.007	6.15982865708e-08	0.0	-2.0	0.0	6.46727663927	18.0042968135
589673254.646	657450.007	5.01414994826e-08	0.0	-2.0	0.0	5.24074632549	8.69118152887
590988154.66	657450.007	6.94657164413e-08	1.55527306973e-08	-2.0	0.0	70.1642128168	74.1834492971
592303054.674	657450.007	9.94568467503e-08	1.61961996579e-08	-2.0	0.0	97.218418555	101.598784699
593617954.688	657450.0065	3.0781086284e-08	1.31157542538e-08	-2.0	0.0	22.0365488633	29.2982903088
594932854.701	657450.007	4.47634731037e-08	1.26157376235e-08	-2.0	0.0	31.5022214888	53.5652808525
596247754.715	657450.007	3.13919709687e-08	1.0866657256e-08	-2.0	0.0	25.1323533222	34.1696078001
597562654.729	657450.007	3.4971823016e-08	1.14629033169e-08	-2.0	0.0	30.3556896152	33.6414259102
598877554.743	657450.007	1.76739153769e-06	0.0	-2.0	0.0	0.00104844940506	0.0393546448429
600192454.757	657450.007	7.0648113274e-08	0.0	-2.0	0.0	4.11089152026	12.6051286935
601507354.771	657450.007	2.24652665961e-08	1.05076249776e-08	-2.0	0.0	17.8997010632	19.7147835323
602822254.785	657450.007	5.95316406523e-08	3.15225667639e-08	-2.0	0.0	13.7878491838	11.4828153698
604137154.799	657450.007	6.66734008479e-08	0.0	-2.0	0.0	3.30280660128	14.1080834204
605452054.812	657450.0065	1.73896069211e-06	0.0	-2.0	0.0	0.00292960571824	0.0881075552838
606766954.826	657450.007	3.97755746563e-08	1.38210118405e-08	-2.0	0.0	23.7211246367	33.6717561586
608081854.84	657450.007	3.11794023114e-08	1.2041263534e-08	-2.0	0.0	15.2883792661	29.2988741114
609396754.854	657450.007	5.02949369461e-08	1.116368672e-08	-2.0	0.0	71.2764112961	66.3065279118
610711654.868	657450.007	3.29582998731e-08	1.2684864681e-08	-2.0	0.0	19.0334326951	27.6556987523
612026554.882	657450.007	4.72072595512e-08	0.0	-2.0	0.0	8.70482805103	15.4505450438
613341454.896	657450.007	3.81785916967e-08	1.12571692142e-08	-2.0	0.0	38.5743077557	40.3244358882
614656354.91	657450.007	3.0637813653e-08	1.27821621773e-08	-2.0	0.0	12.6500954947	26.4400791608
615971254.924	657450.007	5.52943108394e-08	1.74294609051e-08	-2.0	0.0	27.8839909823	36.9271874396
617286154.938	657450.0065	2.52676758653e-07	0.0	-2.0	0.0	-0.000206234035431	0.000330110988302
618601054.951	657450.007	4.96904505325e-08	1.7041535384e-08	-2.0	0.0	18.0131069598	40.7810251939
619915954.965	657450.007	4.75101921465e-08	0.0	-2.0	0.0	7.14336002657	16.3298982996
