    Mjd              err        Mag         err-         err+       LimitMag Filter imagename
    55951.496150     0.02083    14.07900    -0.00845     0.00845    19.51353 CLEAR data/J1555+1111_20120125_115427_Jan2pmrs_kait_clear_c.fit
    55957.577630     0.02083    14.03700    -0.00726     0.00726    19.58292 CLEAR data/J1555+1111_20120131_135147_Jan2votw_kait_clear_c.fit
    55960.535290     0.02083    13.96300    -0.00690     0.00690    19.52847 CLEAR data/J1555+1111_20120203_125049_Feb23nrs_kait_clear_c.fit
    55974.566810     0.02083    14.03300    -0.02555     0.02555    17.57844 CLEAR data/J1555+1111_20120217_133612_Feb2homr_kait_clear_c.fit
    55978.456380     0.02083    13.98200    -0.00732     0.00732    19.87730 CLEAR data/J1555+1111_20120221_105711_Feb2llrg_kait_clear_c.fit
    55981.529660     0.02083    13.89600    -0.01034     0.01034    19.91047 CLEAR data/J1555+1111_20120224_124243_Feb2onnz_kait_clear_c.fit
    55989.523980     0.02083    13.81600    -0.01007     0.01007    20.03356 CLEAR data/J1555+1111_20120303_123432_Mar23nkf_kait_clear_c.fit
    55994.479690     0.02083    13.80600    -0.00976     0.00976    18.75594 CLEAR data/J1555+1111_20120308_113045_Mar28mgt_kait_clear_c.fit
    56015.543740     0.02083    13.79500    -0.04799     0.04799    17.17661 CLEAR data/J1555+1111_20120329_130259_Mar2tnxi_kait_clear_c.fit
    56037.491890     0.02083    13.54700    -0.00676     0.00676    19.07187 CLEAR data/J1555+1111_20120420_114819_Apr2kmov_kait_clear_c.fit
    56040.495800     0.02083    13.51000    -0.00721     0.00721    19.81925 CLEAR data/J1555+1111_20120423_115357_Apr2nmrl_kait_clear_c.fit
    56044.481110     0.02083    13.52700    -0.00854     0.00854    19.49541 CLEAR data/J1555+1111_20120427_113248_Apr2rmhr_kait_clear_c.fit
    56047.439000     0.02083    13.51200    -0.02102     0.02102    19.97525 CLEAR data/J1555+1111_20120430_103210_Apr2ulfs_kait_clear_c.fit
    56056.418180     0.02083    13.57100    -0.01611     0.01611    19.36741 CLEAR data/J1555+1111_20120509_100211_May29krw_kait_clear_c.fit
    56059.417560     0.02083    13.58500    -0.01210     0.01210    19.50180 CLEAR data/J1555+1111_20120512_100117_May2ckrm_kait_clear_c.fit
    56062.420000     0.02083    13.58400    -0.00816     0.00816    19.56805 CLEAR data/J1555+1111_20120515_100448_May2fktc_kait_clear_c.fit
    56065.421000     0.02083    13.51400    -0.00842     0.00842    19.56683 CLEAR data/J1555+1111_20120518_100614_May2iktt_kait_clear_c.fit
    56068.389460     0.02083    13.60400    -0.00817     0.00817    19.87841 CLEAR data/J1555+1111_20120521_092049_May2ljyu_kait_clear_c.fit
    56071.371480     0.02083    13.49200    -0.00812     0.00812    19.85408 CLEAR data/J1555+1111_20120524_085456_May2ojmv_kait_clear_c.fit
    56074.404700     0.02083    13.49500    -0.00950     0.00950    19.91371 CLEAR data/J1555+1111_20120527_094246_May2rkix_kait_clear_c.fit
    56077.411890     0.02083    13.56500    -0.01008     0.01008    19.78705 CLEAR data/J1555+1111_20120530_095307_May2ukns_kait_clear_c.fit
    56078.421060     0.02083    13.56100    -0.00910     0.00910    19.71407 CLEAR data/J1555+1111_20120531_100620_May2vktu_kait_clear_c.fit
    56079.421200     0.02083    13.55300    -0.01113     0.01113    19.47566 CLEAR data/J1555+1111_20120601_100632_Jun21ktx_kait_clear_c.fit
    56084.401350     0.02083    13.53300    -0.01012     0.01012    19.12538 CLEAR data/J1555+1111_20120606_093757_Jun26kgs_kait_clear_c.fit
    56086.397770     0.02083    13.53000    -0.00816     0.00816    19.47335 CLEAR data/J1555+1111_20120608_093247_Jun28kei_kait_clear_c.fit
    56087.392670     0.02083    13.54800    -0.00804     0.00804    18.76449 CLEAR data/J1555+1111_20120609_092527_Jun29kay_kait_clear_c.fit
    56091.358370     0.02083    13.61300    -0.01108     0.01108    19.87590 CLEAR data/J1555+1111_20120613_083603_Jun2djed_kait_clear_c.fit
    56092.363310     0.02083    13.62500    -0.00712     0.00712    19.79606 CLEAR data/J1555+1111_20120614_084310_Jun2ejhk_kait_clear_c.fit
    56095.343580     0.02083    13.62200    -0.00715     0.00715    19.62283 CLEAR data/J1555+1111_20120617_081445_Jun2hiuh_kait_clear_c.fit
    56098.310690     0.02083    13.56200    -0.00815     0.00815    19.92870 CLEAR data/J1555+1111_20120620_072724_Jun2khyk_kait_clear_c.fit
    56102.324640     0.02083    13.61100    -0.00765     0.00765    19.23116 CLEAR data/J1555+1111_20120624_074729_Jun2oihp_kait_clear_c.fit
    56105.346450     0.02083    13.53800    -0.01011     0.01011    19.72723 CLEAR data/J1555+1111_20120627_081853_Jun2riwf_kait_clear_c.fit
    56113.313410     0.02083    13.58900    -0.01020     0.01020    18.94006 CLEAR data/J1555+1111_20120705_073119_Jul25iag_kait_clear_c.fit
    56116.288820     0.00486    13.66800    -0.01316     0.01316    18.73245 CLEAR data/J1555+1111_20120708_065554_Jul28hjx_kait_clear_c.fit
    56119.293470     0.02083    13.64300    -0.01308     0.01308    20.04940 CLEAR data/J1555+1111_20120711_070236_Jul2bhmz_kait_clear_c.fit
    56122.274430     0.02083    13.63300    -0.01008     0.01008    19.87780 CLEAR data/J1555+1111_20120714_063511_Jul2ehai_kait_clear_c.fit
    56125.282790     0.02083    13.62000    -0.01210     0.01210    20.02691 CLEAR data/J1555+1111_20120717_064713_Jul2hhfx_kait_clear_c.fit
    56128.274440     0.02083    13.63700    -0.00913     0.00913    19.84508 CLEAR data/J1555+1111_20120720_063512_Jul2khaj_kait_clear_c.fit
    56131.262070     0.02083    13.61400    -0.07989     0.07989    16.20654 CLEAR data/J1555+1111_20120723_061723_Jul2ngsd_kait_clear_c.fit
    56134.260230     0.02083    13.61100    -0.01312     0.01312    19.63392 CLEAR data/J1555+1111_20120726_061444_Jul2qgqx_kait_clear_c.fit
    56137.243900     0.02083    13.67000    -0.00910     0.00910    19.24845 CLEAR data/J1555+1111_20120729_055113_Jul2tgga_kait_clear_c.fit
    56140.212860     0.02083    13.64000    -0.01906     0.01906    19.34828 CLEAR data/J1555+1111_20120801_050631_Aug21flk_kait_clear_c.fit
    56143.240430     0.00486    13.70700    -0.02024     0.02024    18.05532 CLEAR data/J1555+1111_20120804_054613_Aug24gdt_kait_clear_c.fit
    56148.209170     0.02083    13.67300    -0.01406     0.01406    19.94100 CLEAR data/J1555+1111_20120809_050112_Aug29fiy_kait_clear_c.fit
    56151.217280     0.02083    13.65300    -0.02012     0.02012    19.64365 CLEAR data/J1555+1111_20120812_051253_Aug2cfoj_kait_clear_c.fit
    56154.184880     0.02083    13.64400    -0.00809     0.00809    19.61680 CLEAR data/J1555+1111_20120815_042614_Aug2fesv_kait_clear_c.fit
    56322.471640     0.02083    13.44200    -0.05853     0.05853    17.65261 CLEAR data/J1555+1111_20130130_111910_Jan3umbi_kait_clear_c.fit
    56326.510360     0.02083    13.56100    -0.01038     0.01038    19.43112 CLEAR data/J1555+1111_20130203_121455_Feb33nbd_kait_clear_c.fit
    56332.589790     0.02083    13.64900    -0.00857     0.00857    18.87548 CLEAR data/J1555+1111_20130209_140918_Feb39pby_kait_clear_c.fit
    56336.581790     0.02083    13.67000    -0.01122     0.01122    19.46423 CLEAR data/J1555+1111_20130213_135747_Feb3dowp_kait_clear_c.fit
    56340.581010     0.02083    13.74000    -0.00749     0.00749    19.35894 CLEAR data/J1555+1111_20130217_135639_Feb3howb_kait_clear_c.fit
    56350.548350     0.02083    13.91700    -0.01107     0.01107    18.44161 CLEAR data/J1555+1111_20130227_130937_Feb3roak_kait_clear_c.fit
    56353.514870     0.02083    13.90500    -0.04163     0.04163    16.87859 CLEAR data/J1555+1111_20130302_122125_Mar32ned_kait_clear_c.fit
    56356.530350     0.02083    13.91200    -0.01036     0.01036    19.08842 CLEAR data/J1555+1111_20130305_124342_Mar35nol_kait_clear_c.fit
    56360.522160     0.02083    13.83400    -0.00758     0.00758    19.48365 CLEAR data/J1555+1111_20130309_123155_Mar39niz_kait_clear_c.fit
    56363.505290     0.02083    13.90300    -0.01025     0.01025    19.83653 CLEAR data/J1555+1111_20130312_120737_Mar3cmxu_kait_clear_c.fit
    56368.508590     0.02083    13.93200    -0.00835     0.00835    19.72053 CLEAR data/J1555+1111_20130317_121222_Mar3hmzy_kait_clear_c.fit
    56373.452280     0.02083    13.98500    -0.00940     0.00940    18.85390 CLEAR data/J1555+1111_20130322_105117_Mar3mlon_kait_clear_c.fit
    56376.485540     0.02083    14.04700    -0.01795     0.01795    17.75562 CLEAR data/J1555+1111_20130325_113911_Mar3pmkq_kait_clear_c.fit
    56392.419650     0.02083    14.03400    -0.00727     0.00727    19.58639 CLEAR data/J1555+1111_20130410_100418_Apr3aksv_kait_clear_c.fit
    56398.431130     0.02083    14.13000    -0.00727     0.00727    19.08556 CLEAR data/J1555+1111_20130416_102050_Apr3glam_kait_clear_c.fit
    56404.424170     0.02083    14.19600    -0.00845     0.00845    19.42060 CLEAR data/J1555+1111_20130422_101048_Apr3mkvv_kait_clear_c.fit
    56412.377380     0.02083    14.19300    -0.01713     0.01713    19.75205 CLEAR data/J1555+1111_20130430_090326_Apr3ujqt_kait_clear_c.fit
    56415.380530     0.02083    14.25300    -0.00938     0.00938    19.88563 CLEAR data/J1555+1111_20130503_090758_May33jsw_kait_clear_c.fit
    56418.372020     0.02083    14.25800    -0.00786     0.00786    19.50746 CLEAR data/J1555+1111_20130506_085543_May36jnf_kait_clear_c.fit
    56421.350850     0.02083    14.20600    -0.01047     0.01047    20.06983 CLEAR data/J1555+1111_20130509_082513_May39izd_kait_clear_c.fit
    56422.337200     0.02083    14.22200    -0.01218     0.01218    19.89215 CLEAR data/J1555+1111_20130510_080534_May3aiqb_kait_clear_c.fit
    56425.354640     0.02083    14.23300    -0.01422     0.01422    19.80330 CLEAR data/J1555+1111_20130513_083041_May3djbq_kait_clear_c.fit
    56428.344980     0.02083    14.23000    -0.00826     0.00826    19.16006 CLEAR data/J1555+1111_20130516_081646_May3givf_kait_clear_c.fit
    56432.342520     0.02083    14.25500    -0.00890     0.00890    19.48072 CLEAR data/J1555+1111_20130520_081314_May3kitn_kait_clear_c.fit
    56439.320320     0.02083    14.27500    -0.01702     0.01702    18.01608 CLEAR data/J1555+1111_20130527_074116_May3riev_kait_clear_c.fit
    56443.304790     0.02083    14.25000    -0.01031     0.01031    19.78659 CLEAR data/J1555+1111_20130531_071854_May3vhum_kait_clear_c.fit
    56446.296820     0.02083    14.27300    -0.01813     0.01813    19.83256 CLEAR data/J1555+1111_20130603_070725_Jun33hpf_kait_clear_c.fit
    56449.364090     0.02083    14.33200    -0.01136     0.01136    19.61983 CLEAR data/J1555+1111_20130606_084417_Jun36jhy_kait_clear_c.fit
    56452.366640     0.02083    14.36600    -0.01063     0.01063    19.59061 CLEAR data/J1555+1111_20130609_084758_Jun39jjq_kait_clear_c.fit
    56455.367700     0.02083    14.41100    -0.01722     0.01722    19.83295 CLEAR data/J1555+1111_20130612_084929_Jun3cjki_kait_clear_c.fit
    56460.313160     0.02083    14.43300    -0.00861     0.00861    19.55190 CLEAR data/J1555+1111_20130617_073057_Jun3hiab_kait_clear_c.fit
    56470.341350     0.02083    14.28100    -0.02424     0.02424    19.23736 CLEAR data/J1555+1111_20130627_081133_Jun3risv_kait_clear_c.fit
    56473.283470     0.02083    14.26200    -0.01052     0.01052    19.51391 CLEAR data/J1555+1111_20130630_064812_Jun3uhgj_kait_clear_c.fit
    56476.288030     0.02083    14.23300    -0.02123     0.02123    19.38335 CLEAR data/J1555+1111_20130703_065446_Jul33hjj_kait_clear_c.fit
    56479.277750     0.02083    14.24400    -0.02703     0.02703    19.96020 CLEAR data/J1555+1111_20130706_063958_Jul36hco_kait_clear_c.fit
    56483.276240     0.02083    14.25400    -0.01739     0.01739    19.54445 CLEAR data/J1555+1111_20130710_063747_Jul3ahbo_kait_clear_c.fit
    56486.254140     0.02083    14.20800    -0.02606     0.02606    20.02443 CLEAR data/J1555+1111_20130713_060558_Jul3dgmw_kait_clear_c.fit
    56489.203270     0.02083    14.16000    -0.01232     0.01232    19.48711 CLEAR data/J1555+1111_20130716_045243_Jul3gffb_kait_clear_c.fit
    56682.531810     0.02083    14.42000    -0.06603     0.06603    16.37007 CLEAR data/J1555+1111_20140125_124548_Jan4pnpg_kait_clear_c.fit
    56689.600250     0.02083    14.21900    -0.04212     0.04212    17.08754 CLEAR data/J1555+1111_20140201_142422_Feb41piu_kait_clear_c.fit
    56700.534850     0.02083    14.14400    -0.01273     0.01273    19.29599 CLEAR data/J1555+1111_20140212_125011_Feb4cnrk_kait_clear_c.fit
    56705.490350     0.02083    14.08300    -0.01163     0.01163    19.01952 CLEAR data/J1555+1111_20140217_114606_Feb4hmnv_kait_clear_c.fit
    56709.540250     0.02083    14.02700    -0.01599     0.01599    18.62491 CLEAR data/J1555+1111_20140221_125758_Feb4lnuz_kait_clear_c.fit
    56712.514160     0.06960    14.01200    14.00341    14.02059    19.28193 CLEAR data/J1555+1111_20140224_111010_Feb4olxg_kait_clear_c.fit
    56729.512260     0.02083    13.93800    -0.01414     0.01414    19.52617 CLEAR data/J1555+1111_20140313_121739_Mar4dnck_kait_clear_c.fit
    56740.523590     0.02083    13.88900    -0.01162     0.01162    19.28597 CLEAR data/J1555+1111_20140324_123358_Mar4onjx_kait_clear_c.fit
    56750.540060     0.02083    13.87500    -0.02752     0.02752    17.74224 CLEAR data/J1555+1111_20140403_125741_Apr43nuw_kait_clear_c.fit
    56753.531480     0.02083    13.92600    -0.00874     0.00874    18.86777 CLEAR data/J1555+1111_20140406_124520_Apr46npe_kait_clear_c.fit
    56756.513310     0.02083    13.90700    -0.01132     0.01132    19.29121 CLEAR data/J1555+1111_20140409_121910_Apr49ndc_kait_clear_c.fit
    56759.487950     0.02083    13.94600    -0.01323     0.01323    19.44669 CLEAR data/J1555+1111_20140412_114239_Apr4cmmg_kait_clear_c.fit
    56767.491460     0.02083    14.00000    -0.01253     0.01253    18.62202 CLEAR data/J1555+1111_20140420_114742_Apr4kmop_kait_clear_c.fit
    56771.506930     0.02083    13.99000    -0.00931     0.00931    19.13123 CLEAR data/J1555+1111_20140424_120959_Apr4omyw_kait_clear_c.fit
    56775.495710     0.02083    13.98300    -0.00952     0.00952    18.74893 CLEAR data/J1555+1111_20140428_115349_Apr4smrk_kait_clear_c.fit
    56778.458800     0.02083    13.92200    -0.01520     0.01520    19.44448 CLEAR data/J1555+1111_20140501_110040_May41lsw_kait_clear_c.fit
    56784.446970     0.02083    14.02200    -0.00929     0.00929    19.42240 CLEAR data/J1555+1111_20140507_104338_May47lla_kait_clear_c.fit
    56787.471620     0.02083    14.04100    -0.00982     0.00982    18.66267 CLEAR data/J1555+1111_20140510_111908_May4ambj_kait_clear_c.fit
    56795.445100     0.02083    14.09700    -0.01267     0.01267    18.76173 CLEAR data/J1555+1111_20140518_104057_May4iljt_kait_clear_c.fit
    56798.414410     0.02083    14.07300    -0.00856     0.00856    19.18741 CLEAR data/J1555+1111_20140521_095645_May4lkpj_kait_clear_c.fit
    56801.406230     0.02083    14.02000    -0.01386     0.01386    18.45051 CLEAR data/J1555+1111_20140524_094458_May4okjy_kait_clear_c.fit
    56804.417730     0.02083    13.98600    -0.01426     0.01426    19.36509 CLEAR data/J1555+1111_20140527_100132_May4rkrp_kait_clear_c.fit
    56807.418960     0.02083    14.01600    -0.02513     0.02513    19.22219 CLEAR data/J1555+1111_20140530_100318_May4uksk_kait_clear_c.fit
    56810.405460     0.02083    14.09400    -0.01147     0.01147    19.38767 CLEAR data/J1555+1111_20140602_094352_Jun42kjl_kait_clear_c.fit
    56813.399420     0.02083    14.08200    -0.01026     0.01026    19.17914 CLEAR data/J1555+1111_20140605_093510_Jun45kfk_kait_clear_c.fit
    56823.382350     0.02083    14.04000    -0.01318     0.01318    18.60123 CLEAR data/J1555+1111_20140615_091035_Jun4fjub_kait_clear_c.fit
    56826.358430     0.02083    14.03300    -0.01545     0.01545    19.29915 CLEAR data/J1555+1111_20140618_083608_Jun4ijee_kait_clear_c.fit
    56829.340710     0.02083    13.99700    -0.01447     0.01447    19.00712 CLEAR data/J1555+1111_20140621_081037_Jun4lisk_kait_clear_c.fit
    56832.310130     0.02083    13.87400    -0.01511     0.01511    19.72742 CLEAR data/J1555+1111_20140624_072635_Jun4ohyb_kait_clear_c.fit
    56835.331930     0.02083    13.87400    -0.00956     0.00956    19.45399 CLEAR data/J1555+1111_20140627_075759_Jun4rimo_kait_clear_c.fit
    56838.326400     0.02083    13.80900    -0.00948     0.00948    19.18293 CLEAR data/J1555+1111_20140630_075001_Jun4uiiw_kait_clear_c.fit
    56843.289330     0.02083    13.89000    -0.01434     0.01434    19.50003 CLEAR data/J1555+1111_20140705_065638_Jul45hkg_kait_clear_c.fit
    56851.269100     0.00486    13.98700    -0.02075     0.02075    17.88409 CLEAR data/J1555+1111_20140713_062730_Jul4dgwu_kait_clear_c.fit
    57078.582280     0.02083    13.73100    -0.01713     0.01713    17.88531 CLEAR data/J1555+1111_20150225_135829_Feb5powx_kait_clear_c.fit
    57085.577000     0.02083    13.66100    -0.01844     0.01844    17.83708 CLEAR data/J1555+1111_20150304_135053_Mar54otj_kait_clear_c.fit
    57086.561640     0.02083    13.62800    -0.01232     0.01232    18.75411 CLEAR data/J1555+1111_20150305_132846_Mar55ojf_kait_clear_c.fit
    57094.559950     0.02083    13.58800    -0.01128     0.01128    18.68169 CLEAR data/J1555+1111_20150313_132620_Mar5doib_kait_clear_c.fit
    57097.563170     0.02083    13.65500    -0.06243     0.06243    16.46596 CLEAR data/J1555+1111_20150316_133058_Mar5gokg_kait_clear_c.fit
    57101.558160     0.02083    13.59400    -0.02055     0.02055    17.74397 CLEAR data/J1555+1111_20150320_132345_Mar5kogx_kait_clear_c.fit
    57106.549720     0.02083    13.66800    -0.01278     0.01278    18.32755 CLEAR data/J1555+1111_20150325_131136_Mar5pobg_kait_clear_c.fit
    57112.521070     0.02083    13.67300    -0.09953     0.09953    17.87990 CLEAR data/J1555+1111_20150331_123020_Mar5vnif_kait_clear_c.fit
    57113.529690     0.02083    13.67700    -0.00856     0.00856    19.02802 CLEAR data/J1555+1111_20150401_124245_Apr51nnz_kait_clear_c.fit
    57123.515960     0.02083    13.59500    -0.01448     0.01448    18.29754 CLEAR data/J1555+1111_20150411_122259_Apr5bnev_kait_clear_c.fit
    57126.526880     0.02083    13.72900    -0.03334     0.03334    17.39848 CLEAR data/J1555+1111_20150414_123842_Apr5enmd_kait_clear_c.fit
    57131.504090     0.02083    13.59300    -0.00941     0.00941    19.18104 CLEAR data/J1555+1111_20150419_120553_Apr5jmwy_kait_clear_c.fit
    57135.484390     0.02083    13.63000    -0.01347     0.01347    19.25427 CLEAR data/J1555+1111_20150423_113731_Apr5nmjw_kait_clear_c.fit
    57138.480120     0.02083    13.59100    -0.00962     0.00962    18.82837 CLEAR data/J1555+1111_20150426_113122_Apr5qmha_kait_clear_c.fit
    57141.506350     0.02083    13.60700    -0.01049     0.01049    18.70156 CLEAR data/J1555+1111_20150429_120909_Apr5tmyl_kait_clear_c.fit
    57153.456250     0.02083    13.63000    -0.01232     0.01232    18.53901 CLEAR data/J1555+1111_20150511_105700_May5blre_kait_clear_c.fit
    57160.460230     0.02083    13.76900    -0.01245     0.01245    18.30100 CLEAR data/J1555+1111_20150518_110244_May5iltv_kait_clear_c.fit
    57163.427960     0.02083    13.83100    -0.01522     0.01522    19.19940 CLEAR data/J1555+1111_20150521_101616_May5lkyi_kait_clear_c.fit
    57166.456500     0.02083    13.72900    -0.00960     0.00960    18.77106 CLEAR data/J1555+1111_20150524_105722_May5olrj_kait_clear_c.fit
    57169.430660     0.02083    13.69800    -0.02519     0.02519    19.11196 CLEAR data/J1555+1111_20150527_102009_May5rlae_kait_clear_c.fit
    57179.376450     0.02083    13.77200    -0.01254     0.01254    18.72657 CLEAR data/J1555+1111_20150606_090205_Jun56jqd_kait_clear_c.fit
    57182.366050     0.02083    13.72400    -0.01126     0.01126    19.11100 CLEAR data/J1555+1111_20150609_084707_Jun59jjf_kait_clear_c.fit
    57185.378380     0.02083    13.76400    -0.00965     0.00965    18.72517 CLEAR data/J1555+1111_20150612_090452_Jun5cjrl_kait_clear_c.fit
    57188.340770     0.02083    13.85500    -0.01919     0.01919    19.23496 CLEAR data/J1555+1111_20150615_081043_Jun5fisk_kait_clear_c.fit
    57193.356890     0.02083    13.89200    -0.01244     0.01244    18.49596 CLEAR data/J1555+1111_20150620_083355_Jun5kjdd_kait_clear_c.fit
    57196.357710     0.02083    13.99000    -0.01063     0.01063    19.05180 CLEAR data/J1555+1111_20150623_083506_Jun5njdr_kait_clear_c.fit
    57199.298090     0.02083    14.05100    -0.00949     0.00949    18.88772 CLEAR data/J1555+1111_20150626_070915_Jun5qhqb_kait_clear_c.fit
    57206.271890     0.02083    13.99400    -0.04528     0.04528    16.82381 CLEAR data/J1555+1111_20150703_063131_Jul53gyq_kait_clear_c.fit
    57209.265580     0.02083    14.03800    -0.00957     0.00957    19.14886 CLEAR data/J1555+1111_20150706_062226_Jul56gul_kait_clear_c.fit
    57215.221280     0.02083    14.04000    -0.01140     0.01140    19.09769 CLEAR data/J1555+1111_20150712_051839_Jul5cfqz_kait_clear_c.fit
    57220.215390     0.02083    13.96600    -0.01042     0.01042    19.15105 CLEAR data/J1555+1111_20150717_051010_Jul5hfnc_kait_clear_c.fit
    57440.580730     0.02083    14.19100    -0.04129     0.04129    16.73096 CLEAR data/J1555+1111_20160222_135615_Feb6movx_kait_clear_c.fit
    57443.583180     0.02083    14.31600    -0.02085     0.02085    17.78091 CLEAR data/J1555+1111_20160225_135947_Feb6poxm_kait_clear_c.fit
    57467.558870     0.02083    14.12200    -0.02180     0.02180    17.74682 CLEAR data/J1555+1111_20160320_132446_Mar6kohj_kait_clear_c.fit
    57478.543960     0.02083    14.10300    -0.01620     0.01620    18.18330 CLEAR data/J1555+1111_20160331_130318_Mar6vnxm_kait_clear_c.fit
    57481.541390     0.02083    14.11000    -0.01573     0.01573    18.32382 CLEAR data/J1555+1111_20160403_125936_Apr63nvt_kait_clear_c.fit
    57495.515880     0.02083    14.09400    -0.01024     0.01024    19.84902 CLEAR data/J1555+1111_20160417_122252_Apr6hneu_kait_clear_c.fit
    57498.511750     0.02083    14.02400    -0.00855     0.00855    19.44043 CLEAR data/J1555+1111_20160420_121655_Apr6kncb_kait_clear_c.fit
    57505.506740     0.02083    13.93600    -0.01534     0.01534    18.08926 CLEAR data/J1555+1111_20160427_120942_Apr6rmys_kait_clear_c.fit
    57508.503970     0.02083    13.89100    -0.01079     0.01079    18.56604 CLEAR data/J1555+1111_20160430_120543_Apr6umwx_kait_clear_c.fit
    57511.478850     0.02083    13.92000    -0.09765     0.09765    15.90135 CLEAR data/J1555+1111_20160503_112933_May63mgf_kait_clear_c.fit
    57517.477920     0.02083    13.79900    -0.01020     0.01020    19.90087 CLEAR data/J1555+1111_20160509_112812_May69mfo_kait_clear_c.fit
    57520.462770     0.02083    13.82400    -0.01022     0.01022    20.02511 CLEAR data/J1555+1111_20160512_110623_May6clvn_kait_clear_c.fit
    57523.469860     0.02083    13.82200    -0.00763     0.00763    19.92099 CLEAR data/J1555+1111_20160515_111636_May6fmaf_kait_clear_c.fit
    57533.440970     0.02083    13.84100    -0.01124     0.01124    19.23816 CLEAR data/J1555+1111_20160525_103500_May6plha_kait_clear_c.fit
    57537.429660     0.02083    13.87100    -0.01318     0.01318    19.63247 CLEAR data/J1555+1111_20160529_101843_May6tkzn_kait_clear_c.fit
    57540.422890     0.02083    13.88500    -0.00939     0.00939    19.75122 CLEAR data/J1555+1111_20160601_100858_Jun61kva_kait_clear_c.fit
    57543.409650     0.02083    13.98900    -0.06059     0.06059    16.56771 CLEAR data/J1555+1111_20160604_094954_Jun64kmf_kait_clear_c.fit
    57546.396640     0.02083    14.04200    -0.01533     0.01533    20.03705 CLEAR data/J1555+1111_20160607_093110_Jun67kdo_kait_clear_c.fit
    57549.399490     0.02083    14.05300    -0.00851     0.00851    19.87696 CLEAR data/J1555+1111_20160610_093516_Jun6akfk_kait_clear_c.fit
    57552.387930     0.02083    13.98000    -0.01129     0.01129    19.76287 CLEAR data/J1555+1111_20160613_091837_Jun6djxu_kait_clear_c.fit
    57561.351120     0.02083    14.08700    -0.00877     0.00877    19.33546 CLEAR data/J1555+1111_20160622_082537_Jun6mizh_kait_clear_c.fit
    57565.348760     0.02083    13.93800    -0.00828     0.00828    19.67643 CLEAR data/J1555+1111_20160626_082213_Jun6qixs_kait_clear_c.fit
    57568.342370     0.02083    13.92300    -0.00839     0.00839    19.86696 CLEAR data/J1555+1111_20160629_081301_Jun6titm_kait_clear_c.fit
    57571.307190     0.02083    13.88500    -0.00824     0.00824    19.69357 CLEAR data/J1555+1111_20160702_072221_Jul62hwc_kait_clear_c.fit
    57574.300100     0.02083    13.85800    -0.00828     0.00828    20.10225 CLEAR data/J1555+1111_20160705_071209_Jul65hrj_kait_clear_c.fit
    57579.260890     0.02083    13.93900    -0.00753     0.00753    19.72880 CLEAR data/J1555+1111_20160710_061541_Jul6agri_kait_clear_c.fit
    57796.535940     0.00486    13.59600    -0.01971     0.01971    17.68367 CLEAR data/J1555+1111_20170212_125145_Feb7cnsd_kait_clear_c.fit
    57824.527160     0.00556    13.95200    -0.01339     0.01339    18.60260 CLEAR data/J1555+1111_20170312_123907_Mar7cnmg_kait_clear_c.fit
    57862.518950     0.02083    13.81500    -0.00877     0.00877    18.64214 CLEAR data/J1555+1111_20170419_122717_Apr7jngv_kait_clear_c.fit
    57878.512410     0.02083    13.83800    -0.04045     0.04045    16.91714 CLEAR data/J1555+1111_20170505_121752_May75ncn_kait_clear_c.fit
    57935.292960     0.02083    13.62400    -0.00825     0.00825    19.69955 CLEAR data/J1555+1111_20170701_070152_Jul71hmq_kait_clear_c.fit
    57970.260280     0.02083    13.65700    -0.01225     0.01225    18.70413 CLEAR data/J1555+1111_20170805_061448_Aug75gqx_kait_clear_c.fit
    58206.548410     0.02083    13.73400    -0.01480     0.01480    18.08706 CLEAR data/J1555+1111_20180329_130943_Mar8toal_kait_clear_c.fit
    58221.530420     0.02083    13.65200    -0.01117     0.01117    18.92857 CLEAR data/J1555+1111_20180413_124348_Apr8dnom_kait_clear_c.fit
    58229.519210     0.02083    13.63900    -0.01417     0.01417    19.13336 CLEAR data/J1555+1111_20180421_122740_Apr8lnha_kait_clear_c.fit
    58230.517290     0.02083    13.64500    -0.01815     0.01815    19.24657 CLEAR data/J1555+1111_20180422_122454_Apr8mnfs_kait_clear_c.fit
    58231.517810     0.02083    13.67800    -0.01216     0.01216    18.73445 CLEAR data/J1555+1111_20180423_122539_Apr8nngc_kait_clear_c.fit
    58232.517680     0.02083    13.71100    -0.01811     0.01811    19.15177 CLEAR data/J1555+1111_20180424_122528_Apr8onfz_kait_clear_c.fit
    58233.517880     0.02083    13.71500    -0.02408     0.02408    19.05488 CLEAR data/J1555+1111_20180425_122545_Apr8pngd_kait_clear_c.fit
    58234.516100     0.02083    13.71700    -0.02011     0.02011    19.08352 CLEAR data/J1555+1111_20180426_122311_Apr8qney_kait_clear_c.fit
    58244.498020     0.02083    13.74400    -0.01117     0.01117    19.27744 CLEAR data/J1555+1111_20180506_115709_May86msy_kait_clear_c.fit
    58248.476400     0.02083    13.82900    -0.00748     0.00748    19.80993 CLEAR data/J1555+1111_20180510_112601_May8ameo_kait_clear_c.fit
    58249.493500     0.02083    13.80000    -0.00823     0.00823    18.90730 CLEAR data/J1555+1111_20180511_115038_May8bmpx_kait_clear_c.fit
    58252.484950     0.02083    13.76200    -0.01209     0.01209    19.68856 CLEAR data/J1555+1111_20180514_113820_May8emkg_kait_clear_c.fit
    58255.466690     0.02083    13.74900    -0.01608     0.01608    19.79050 CLEAR data/J1555+1111_20180517_111202_May8hlyc_kait_clear_c.fit
    58258.468980     0.02083    13.72900    -0.01216     0.01216    18.78992 CLEAR data/J1555+1111_20180520_111520_May8klzq_kait_clear_c.fit
    58262.458350     0.02083    13.77600    -0.01527     0.01527    18.43939 CLEAR data/J1555+1111_20180524_110001_May8olso_kait_clear_c.fit
    58273.417950     0.02083    13.72700    -0.00929     0.00929    19.44169 CLEAR data/J1555+1111_20180604_100151_Jun84krs_kait_clear_c.fit
    58276.399430     0.02083    13.78900    -0.03152     0.03152    17.22094 CLEAR data/J1555+1111_20180607_093511_Jun87kfk_kait_clear_c.fit
    58279.399500     0.02083    13.77200    -0.01142     0.01142    18.95914 CLEAR data/J1555+1111_20180610_093517_Jun8akfm_kait_clear_c.fit
    58283.403540     0.02083    13.76400    -0.01409     0.01409    19.75262 CLEAR data/J1555+1111_20180614_094106_Jun8ekid_kait_clear_c.fit
    58286.380140     0.02083    13.74500    -0.01713     0.01713    17.77388 CLEAR data/J1555+1111_20180617_090724_Jun8hjso_kait_clear_c.fit
    58309.332380     0.02083    13.74900    -0.00720     0.00720    19.54636 CLEAR data/J1555+1111_20180710_075838_Jul8aimw_kait_clear_c.fit
    58313.259650     0.02083    13.80800    -0.03403     0.03403    19.92427 CLEAR data/J1555+1111_20180714_061354_Jul8egqn_kait_clear_c.fit
    58316.313710     0.02083    13.74400    -0.01408     0.01408    19.78783 CLEAR data/J1555+1111_20180717_073145_Jul8hial_kait_clear_c.fit
    58585.515090     0.02083    13.12000    -0.00711     0.00711    19.68864 CLEAR data/J1555+1111_20190412_122144_Apr9cneh_kait_clear_c.fit
    58600.491770     0.02083    13.20500    -0.01105     0.01105    19.68687 CLEAR data/J1555+1111_20190427_114809_Apr9rmou_kait_clear_c.fit
    58603.485850     0.02083    13.28800    -0.01207     0.01207    19.75258 CLEAR data/J1555+1111_20190430_113937_Apr9umkv_kait_clear_c.fit
    58608.502780     0.02083    13.23800    -0.01108     0.01108    19.41290 CLEAR data/J1555+1111_20190505_120400_May95mwc_kait_clear_c.fit
    58611.478630     0.02083    13.20500    -0.01106     0.01106    19.82764 CLEAR data/J1555+1111_20190508_112914_May98mga_kait_clear_c.fit
    58615.475580     0.02083    13.27000    -0.01406     0.01406    19.97111 CLEAR data/J1555+1111_20190512_112450_May9cmea_kait_clear_c.fit
    58628.454570     0.02083    13.42100    -0.01009     0.01009    19.41186 CLEAR data/J1555+1111_20190525_105435_May9plqb_kait_clear_c.fit
    58634.421270     0.02083    13.47700    -0.00914     0.00914    19.88062 CLEAR data/J1555+1111_20190531_100638_May9vkty_kait_clear_c.fit
    58637.423080     0.02083    13.46800    -0.01406     0.01406    19.83561 CLEAR data/J1555+1111_20190603_100914_Jun93kvd_kait_clear_c.fit
    58643.392820     0.02083    13.58200    -0.00951     0.00951    18.98230 CLEAR data/J1555+1111_20190609_092540_Jun99kba_kait_clear_c.fit
    58647.407700     0.02083    13.61100    -0.01199     0.01199    18.60701 CLEAR data/J1555+1111_20190613_094705_Jun9dkkx_kait_clear_c.fit
    58653.363900     0.02083    13.51600    -0.01317     0.01317    19.32122 CLEAR data/J1555+1111_20190619_084401_Jun9jjhu_kait_clear_c.fit
    58656.334750     0.02083    13.62200    -0.00831     0.00831    19.68596 CLEAR data/J1555+1111_20190622_080202_Jun9miok_kait_clear_c.fit
    58659.342290     0.02083    13.60500    -0.01025     0.01025    19.05515 CLEAR data/J1555+1111_20190625_081254_Jun9pitl_kait_clear_c.fit
    58667.351910     0.02083    13.68500    -0.00793     0.00793    18.93264 CLEAR data/J1555+1111_20190703_082645_Jul93izv_kait_clear_c.fit
    58670.314440     0.02083    13.70700    -0.00911     0.00911    19.92876 CLEAR data/J1555+1111_20190706_073248_Jul96iax_kait_clear_c.fit
    58677.299060     0.02083    13.64200    -0.01950     0.01950    18.02033 CLEAR data/J1555+1111_20190713_071039_Jul9dhqs_kait_clear_c.fit
    58680.308540     0.02083    13.69000    -0.01062     0.01062    18.26617 CLEAR data/J1555+1111_20190716_072418_Jul9ghwz_kait_clear_c.fit
    58966.516130     0.02083    13.67700    -0.01617     0.01617    17.80938 CLEAR data/J1555+1111_20200427_122314_Apr0rney_kait_clear_c.fit
    58979.475530     0.02083    13.67200    -0.00938     0.00938    18.99224 CLEAR data/J1555+1111_20200510_112446_May0amdz_kait_clear_c.fit
    58991.438030     0.02083    13.51400    -0.01436     0.01436    17.97733 CLEAR data/J1555+1111_20200522_103046_May0mlfb_kait_clear_c.fit
    58994.432100     0.02083    13.55200    -0.00918     0.00918    19.59986 CLEAR data/J1555+1111_20200525_102213_May0plbd_kait_clear_c.fit
    58997.438510     0.02083    13.58300    -0.01214     0.01214    19.57714 CLEAR data/J1555+1111_20200528_103127_May0slfj_kait_clear_c.fit
    59008.418680     0.02083    13.43200    -0.01329     0.01329    18.22047 CLEAR data/J1555+1111_20200608_100254_Jun08ksf_kait_clear_c.fit
    59027.364260     0.02083    13.51400    -0.00818     0.00818    19.26008 CLEAR data/J1555+1111_20200627_084432_Jun0rjib_kait_clear_c.fit
    59034.338780     0.02083    13.51200    -0.02108     0.02108    18.92275 CLEAR data/J1555+1111_20200704_080751_Jul04irc_kait_clear_c.fit
    59041.324870     0.02083    13.44800    -0.01419     0.01419    19.26926 CLEAR data/J1555+1111_20200711_074749_Jul0bihw_kait_clear_c.fit
    59045.306980     0.02083    13.45800    -0.01508     0.01508    19.21804 CLEAR data/J1555+1111_20200715_072203_Jul0fhvz_kait_clear_c.fit
    59280.577180     0.02083    13.51600    -0.02714     0.02714    17.09671 CLEAR data/J1555+1111_20210307_135108_Mar17oto_kait_clear_c.fit
    59327.521530     0.02083    13.38600    -0.01556     0.01556    17.97660 CLEAR data/J1555+1111_20210423_123100_Apr1nnio_kait_clear_c.fit
    59341.444720     0.02083    13.54800    -0.00856     0.00856    18.81996 CLEAR data/J1555+1111_20210507_104024_May17ljl_kait_clear_c.fit
    59344.436530     0.02083    13.62200    -0.00719     0.00719    19.05120 CLEAR data/J1555+1111_20210510_102836_May1alea_kait_clear_c.fit
    59348.467540     0.02083    13.75500    -0.01214     0.01214    19.64758 CLEAR data/J1555+1111_20210514_111315_May1elyr_kait_clear_c.fit
    59350.455230     0.02083    13.75800    -0.00838     0.00838    19.02338 CLEAR data/J1555+1111_20210516_105532_May1glqm_kait_clear_c.fit
    59351.456810     0.02083    13.69900    -0.00823     0.00823    19.23253 CLEAR data/J1555+1111_20210517_105748_May1hlrn_kait_clear_c.fit
    59355.402970     0.02083    13.67400    -0.00730     0.00730    19.09689 CLEAR data/J1555+1111_20210521_094017_May1lkhu_kait_clear_c.fit
    59356.408850     0.02083    13.62500    -0.00920     0.00920    19.14302 CLEAR data/J1555+1111_20210522_094845_May1mklr_kait_clear_c.fit
    59776.312130     0.02083    13.99100    -0.01353     0.01353    18.39799 CLEAR data/J1555+1111_20220716_072928_Jul2ghzk_kait_clear_c.fit
    59777.312820     0.02083    14.00000    -0.01037     0.01037    18.46423 CLEAR data/J1555+1111_20220717_073028_Jul2hhzw_kait_clear_c.fit
