# Time (MET) Delta_Time Flux(ph cm-2 s-1) Delta_Flux Index Delta_Index TS Npred							
241369553.591	1812136.5915	1.37E-07	1.11E-08	2	0	649.764202053	437.877342189
244993826.775	1812136.592	1.28E-07	1.15E-08	2	0	527.767494275	369.052444155
248618099.959	1812136.5915	1.42E-07	1.18E-08	2	0	640.056989463	402.040622553
252242373.142	1812136.592	1.16E-07	1.05E-08	2	0	531.275989999	334.91446223
255866646.326	1812136.5915	8.52E-08	9.50E-09	2	0	362.940555286	265.67584173
259490919.509	1812136.592	8.04E-08	1.00E-08	2	0	237.709542233	218.647089687
263115192.692	1812136.5915	6.45E-08	9.07E-09	2	0	199.751942513	173.011406431
266739465.876	1812136.592	8.65E-08	9.91E-09	2	0	307.181971519	246.153380695
270363739.059	1812136.5915	7.39E-08	9.02E-09	2	0	276.166764215	215.910153216
273988012.243	1812136.592	8.97E-08	1.07E-08	2	0	244.681870184	237.425378983
277612285.426	1812136.5915	8.55E-08	1.12E-08	2	0	190.662199965	195.369391149
281236558.61	1812136.592	7.22E-08	1.07E-08	2	0	164.641437138	156.845246511
284860831.794	1812136.5915	8.76E-08	1.12E-08	2	0	234.794588233	190.768618086
288485104.977	1812136.592	9.36E-08	1.11E-08	2	0	259.782673558	208.27627942
292109378.16	1812136.5915	1.19E-07	1.29E-08	2	0	371.646820717	255.270003637
295733651.344	1812136.592	1.12E-07	1.22E-08	2	0	309.01949858	259.36273266
299357924.528	1812136.5915	1.21E-07	1.17E-08	2	0	444.20659999	274.183869091
302982197.711	1812136.592	1.46E-07	1.23E-08	2	0	523.335857314	360.004314675
306606470.895	1812136.5915	1.12E-07	1.17E-08	2	0	326.445194155	253.034417209
310230744.078	1812136.592	9.97E-08	1.11E-08	2	0	295.971218248	222.286909517
313855017.262	1812136.5915	7.95E-08	1.05E-08	2	0	229.270610593	179.267570156
317479290.445	1812136.592	7.39E-08	9.96E-09	2	0	229.955856515	164.982666493
321103563.628	1812136.5915	8.48E-08	1.09E-08	2	0	229.357896469	190.780115162
324727836.812	1812136.592	7.44E-08	1.05E-08	2	0	200.059551467	154.929711341
328352109.995	1812136.5915	6.33E-08	9.50E-09	2	0	183.449131554	141.051112497
331976383.179	1812136.592	8.99E-08	1.11E-08	2	0	242.040321112	194.969622284
335600656.363	1812136.5915	5.83E-08	1.02E-08	2	0	99.1427939423	127.072088685
339224929.546	1812136.592	8.68E-08	1.13E-08	2	0	211.191230427	182.84134668
342849202.729	1812136.5915	1.00E-07	1.12E-08	2	0	302.569868859	229.433356464
346473475.913	1812136.592	8.41E-08	1.04E-08	2	0	271.806688019	198.131107448
350097749.097	1812136.5915	7.64E-08	9.67E-09	2	0	196.901658931	189.091619982
353722022.28	1812136.592	9.34E-08	1.04E-08	2	0	329.688181066	224.988734292
357346295.464	1812136.5915	9.57E-08	1.09E-08	2	0	351.462821265	223.868452249
360970568.647	1812136.592	1.03E-07	1.12E-08	2	0	377.41641382	227.339598347
364594841.831	1812136.5915	1.09E-07	1.19E-08	2	0	422.958012391	229.582253631
368219115.014	1812136.592	1.34E-07	1.23E-08	2	0	507.139101196	287.679072783
371843388.197	1812136.5915	1.13E-07	1.31E-08	2	0	270.227516168	204.266000022
375467661.38	1812136.5915	1.11E-07	1.22E-08	2	0	288.547539995	250.551606989
379091934.564	1812136.592	9.23E-08	1.02E-08	2	0	338.056111018	224.056456895
382716207.748	1812136.5915	9.52E-08	1.11E-08	2	0	283.67089553	209.160828953
386340480.931	1812136.592	9.35E-08	1.06E-08	2	0	300.086157177	215.38643395
389964754.114	1812136.5915	7.80E-08	1.01E-08	2	0	215.224986315	184.649917503
393589027.298	1812136.592	6.90E-08	9.57E-09	2	0	220.890358693	159.136699067
397213300.482	1812136.5915	8.33E-08	9.69E-09	2	0	241.405885004	181.711355505
400837573.665	1812136.592	6.12E-08	4.52E-09	2	0	180.362190438	130.763775923
404461846.849	1812136.5915	7.85E-08	1.02E-08	2	0	216.781282236	180.594134909
408086120.032	1812136.592	9.15E-08	1.01E-08	2	0	309.229019473	249.573672316
411710393.215	1812136.5915	7.60E-08	6.91E-09	2	0	432.661060834	340.312731441
415334666.399	1812136.592	8.89E-08	7.50E-09	2	0	532.496304192	390.612632285
418958939.582	1812136.5915	1.04E-07	8.68E-09	2	0	583.316650893	400.238434503
422583212.766	1812136.592	1.10E-07	1.33E-08	2	0	317.95268921	188.3937622
426207485.949	1812136.5915	8.65E-08	9.83E-09	2	0	291.651398615	227.453951383
429831759.133	1812136.592	8.73E-08	7.02E-09	2	0	558.209057601	428.065915222
433456032.317	1812136.5915	9.89E-08	7.07E-09	2	0	842.638157304	505.532968543
437080305.5	1812136.592	1.17E-07	8.02E-09	2	0	905.489965451	525.312314127
440704578.683	1812136.5915	1.77E-07	1.06E-08	2	0	991.679385569	517.592464887
444328851.867	1812136.592	1.24E-07	1.13E-08	2	0	464.012014607	315.656919626
447953125.051	1812136.5915	1.46E-07	1.07E-08	2	0	830.405963986	471.532932294
451577398.234	1812136.592	1.14E-07	1.18E-08	2	0	396.867812996	263.387861013
455201671.418	1812136.5915	1.12E-07	1.13E-08	2	0	335.108189654	259.266305637
458825944.601	1812136.592	9.84E-08	1.15E-08	2	0	276.364904923	215.335725881
462450217.785	1812136.5915	1.03E-07	1.17E-08	2	0	275.519027651	232.678432328
466074490.968	1812136.592	8.74E-08	1.04E-08	2	0	279.807196821	196.380979617
469698764.151	1812136.5915	1.02E-07	1.16E-08	2	0	289.24474937	216.522196852
473323037.335	1812136.592	7.70E-08	9.84E-09	2	0	230.12458724	180.749961971
476947310.518	1812136.5915	6.35E-08	8.62E-09	2	0	233.040916535	165.718407332
480571583.702	1812136.592	6.88E-08	9.58E-09	2	0	165.976271376	173.832555399
484195856.886	1812136.5915	1.26E-07	1.27E-08	2	0	337.570120058	272.069352972
487820130.069	1812136.592	1.27E-07	1.16E-08	2	0	472.99409623	306.886793035
491444403.252	1812136.5915	1.00E-07	1.13E-08	2	0	291.643666801	214.831023208
495068676.436	1812136.592	1.12E-07	1.13E-08	2	0	404.898757995	260.173244597
498692949.62	1812136.5915	9.79E-08	9.44E-09	2	0	373.071313127	309.207873331
502317222.803	1812136.5915	1.84E-07	1.38E-08	2	0	732.784393946	417.122972133
505941495.986	1812136.592	1.41E-07	1.30E-08	2	0	504.489530806	296.1694856
509565769.169	1812136.5915	1.05E-07	1.11E-08	2	0	366.815214912	236.684281749
513190042.353	1812136.592	1.03E-07	1.07E-08	2	0	372.203243705	259.716125591
516814315.536	1812136.5915	1.16E-07	1.21E-08	2	0	329.476110327	254.116334855
520438588.72	1812136.592	1.27E-07	1.23E-08	2	0	434.414021035	285.294610206
524062861.903	1812136.5915	1.26E-07	1.23E-08	2	0	452.591059633	275.59779426
527687135.087	1812136.592	1.14E-07	1.14E-08	2	0	444.328387352	281.426511169
531311408.271	1812136.5915	1.12E-07	1.19E-08	2	0	337.945754761	247.244428559
534935681.454	1812136.592	9.52E-08	8.38E-09	2	0	231.261795457	216.81518467
538559954.638	1812136.5915	9.57E-08	1.21E-08	2	0	254.804353006	184.722622548
542184227.821	1812136.592	9.64E-08	1.27E-08	2	0	219.783027486	160.310129682
545808501.004	1812136.5915	1.06E-07	1.19E-08	2	0	297.313558738	214.585086538
549432774.188	1812136.592	1.05E-07	1.44E-08	2	0	159.963321992	162.441197119
553057047.372	1812136.5915	9.70E-08	1.02E-08	2	0	406.851528342	240.254974559
556681320.555	1812136.592	9.45E-08	9.80E-09	2	0	364.123978303	256.713531435
560305593.738	1812136.5915	1.14E-07	1.45E-08	2	0	236.416422952	164.401417433
563929866.922	1812136.592	1.34E-07	1.26E-08	2	0	492.689751446	310.007506118
567554140.105	1812136.5915	1.40E-07	1.12E-08	2	0	601.877479204	404.061261877
571178413.289	1812136.592	1.64E-07	1.15E-08	2	0	846.389821269	521.133414825
574802686.473	1812136.5915	2.11E-07	1.45E-08	2	0	987.294885874	496.082502335
578426959.656	1812136.592	1.59E-07	1.44E-08	2	0	490.085393657	318.728125618
582051232.839	1812136.5915	1.28E-07	1.46E-08	2	0	317.894455355	225.623209765
585675506.023	1812136.592	1.34E-07	1.16E-08	2	0	560.319206458	334.696455279
589299779.207	1812136.5915	1.20E-07	1.13E-08	2	0	426.178082767	300.471489315
592924052.39	1812136.592	8.39E-08	1.05E-08	2	0	293.168803123	195.142093704
596548325.573	1812136.5915	1.13E-07	1.23E-08	2	0	298.451035748	238.767370302
600172598.757	1812136.592	1.21E-07	1.11E-08	2	0	513.057112772	342.395124859
603796871.941	1812136.5915	1.13E-07	1.03E-08	2	0	458.326329943	322.025750158
607421145.124	1812136.592	1.17E-07	1.23E-08	2	0	341.438223955	255.554758293
611045418.308	1812136.5915	1.20E-07	1.29E-08	2	0	335.228440418	246.59933646
614669691.491	1812136.592	1.60E-07	1.44E-08	2	0	505.867579969	300.293909913
618293964.674	1812136.5915	1.31E-07	1.13E-08	2	0	529.765871617	341.971000507
621918237.858	1812136.592	1.27E-07	1.11E-08	2	0	499.943495278	337.083292375
625542511.042	1812136.5915	1.80E-07	1.46E-08	2	0	590.355669959	374.994092372
629166784.225	1812136.592	1.73E-07	1.33E-08	2	0	679.923024914	418.959993741
632791057.408	1812136.5915	1.63E-07	1.19E-08	2	0	683.356506004	442.334022375

