#Time (MET)	Delta_Time	Flux(ph cm-2 s-1)	Delta_Flux
349185256.4	0.0	4.3800291739638216e-12	0.009
349710741.2	0.0	4.758575926784582e-12	0.008
349966226.0	0.0	5.080155468092526e-12	0.009
351514600.4	0.0	4.92353470147652e-12	0.008
351780194.0	0.0	5.428464514368572e-12	0.012
352470875.6	0.0	5.789979195261609e-12	0.013
352899074.0	0.0	5.9467133300716815e-12	0.016
354719003.6	0.0	4.408359493662822e-12	0.049
356615310.8	0.0	6.948275072218523e-12	0.01
356874856.4	0.0	7.083974728477742e-12	0.009
357219160.4	0.0	6.967500414302456e-12	0.011
357474731.6	0.0	7.583627682560698e-12	0.023
358250517.2	0.0	7.2423082119923816e-12	0.018
358509717.2	0.0	7.090502315924978e-12	0.011
358769090.0	0.0	7.123230587583759e-12	0.01
359028376.4	0.0	7.541834592170222e-12	0.01
359284811.6	0.0	6.598982903597959e-12	0.01
359542542.8	0.0	7.803276631216201e-12	0.008
359804594.0	0.0	7.343058755153334e-12	0.01
360064398.8	0.0	6.859255863899302e-12	0.015
360151576.4	0.0	7.269039071304895e-12	0.01
360237976.4	0.0	6.973920675523912e-12	0.016
360668248.4	0.0	7.077453150392886e-12	0.014
360840789.2	0.0	7.031969901875255e-12	0.01
360926757.2	0.0	6.777616684677575e-12	0.011
361269333.2	0.0	6.967500414302456e-12	0.012
361356165.2	0.0	6.884572903456222e-12	0.01
361613723.6	0.0	6.954677618088575e-12	0.01
361870072.4	0.0	7.235640870516823e-12	0.008
362216882.0	0.0	6.5868383168795975e-12	0.011
362477896.4	0.0	7.057924417015276e-12	0.011
363166246.2	0.0	6.666179492232871e-12	0.015
363423372.6	0.0	6.24995662326599e-12	0.02
363682918.2	0.0	6.395536814646781e-12	0.019
363940476.6	0.0	6.929102778395268e-12	0.015
364200454.2	0.0	6.496463507107954e-12	0.012
364458876.6	0.0	6.82145475968757e-12	0.011
364976067.0	0.0	6.871902724753469e-12	0.014
365233884.6	0.0	6.232711191339587e-12	0.014
365490406.2	0.0	6.941878420596325e-12	0.019
365751939.0	0.0	6.102067440806585e-12	0.032
366181260.6	0.0	6.158529175668621e-12	0.02
366441151.8	0.0	6.232711191339587e-12	0.02
366697587.0	0.0	5.974162111649026e-12	0.009
381237583.8	0.0	7.948350375160763e-12	0.017
381586467.0	0.0	8.446504216745233e-12	0.012
382111779.0	0.0	6.752692961432293e-12	0.014
382456687.8	0.0	5.8381735795273946e-12	0.014
382802201.4	0.0	5.795314419759632e-12	0.011
384180195.0	0.0	5.300013834238828e-12	0.014
384525103.8	0.0	5.726338320609999e-12	0.008
384782835.0	0.0	5.39357849035264e-12	0.011
385215180.6	0.0	5.261105409095477e-12	0.011
385559484.6	0.0	5.165079413390797e-12	0.017
385642255.8	0.0	4.63742611343993e-12	0.012
385904393.4	0.0	4.7629607561603175e-12	0.033
387281091.0	0.0	4.363922238441054e-12	0.007
387800441.4	0.0	4.339872825125632e-12	0.01
388318236.6	0.0	3.547129165572035e-12	0.011
389005375.8	0.0	4.102768412649435e-12	0.02
389264835.0	0.0	3.8821919365266495e-12	0.01
389523343.8	0.0	3.5733619054395727e-12	0.009
389780729.4	0.0	4.031595977441393e-12	0.011
389865919.8	0.0	3.697234553585057e-12	0.012
390126675.0	0.0	3.936198606059492e-12	0.016
390385011.0	0.0	3.673474277896147e-12	0.01
390730351.8	0.0	3.649866697605008e-12	0.01
391677555.0	0.0	3.896520838782925e-12	0.012
391936063.8	0.0	3.825401318409641e-12	0.021
392201052.6	0.0	3.3750250703932765e-12	0.012
392460511.8	0.0	3.208315010625976e-12	0.011
392719798.2	0.0	3.109402928177735e-12	0.017
393147046.2	0.0	2.875259209724116e-12	0.009
394013465.4	0.0	3.5275810685334094e-12	0.024
394267654.2	0.0	3.5766546094951872e-12	0.011
394527286.2	0.0	3.690430264755993e-12	0.021
394785622.2	0.0	3.896520838782925e-12	0.021
395131049.4	0.0	3.892933662672989e-12	0.016
395388348.6	0.0	4.053937074033198e-12	0.022
395643142.2	0.0	4.209950632965202e-12	0.014
413902227.0	0.0	4.288219458871334e-12	0.012
414330339.0	0.0	4.436873055751855e-12	0.013
414680259.0	0.0	4.767349625973561e-12	0.018
414937212.6	0.0	4.754195134126676e-12	0.009
416405839.8	0.0	5.150827470411465e-12	0.017
417357276.6	0.0	5.37869605255318e-12	0.012
418222659.0	0.0	4.8649345646870936e-12	0.035
418481081.4	0.0	4.92353470147652e-12	0.014
418738726.2	0.0	5.37869605255318e-12	0.015
418995766.2	0.0	4.802606487722368e-12	0.017
419687225.4	0.0	4.798185160089092e-12	0.02
420034207.8	0.0	4.896401284669594e-12	0.013
420378857.4	0.0	4.658831499811129e-12	0.012
420634860.6	0.0	5.2562619827630606e-12	0.013
421152223.8	0.0	4.793767902774298e-12	0.012
421413583.8	0.0	4.327897864996096e-12	0.013
422102451.0	0.0	4.144546372270878e-12	0.016
422358972.6	0.0	4.506890465605811e-12	0.012
422617481.4	0.0	4.556978748052864e-12	0.022
422877718.2	0.0	4.599143953262473e-12	0.015
423137004.6	0.0	4.50274137710424e-12	0.025
423395081.4	0.0	4.1944691371335645e-12	0.013
423653676.6	0.0	4.523525086978803e-12	0.014
424516207.8	0.0	4.244993242222099e-12	0.017
424773334.2	0.0	4.4002464700440806e-12	0.013
425031065.4	0.0	4.780540515286436e-12	0.015
425287587.0	0.0	5.428464514368572e-12	0.017
425548687.8	0.0	5.146085567053896e-12	0.011
425807369.4	0.0	5.428464514368572e-12	0.01
426236172.6	0.0	5.042861065676074e-12	0.017
446565487.8	0.0	5.9357691623444216e-12	0.031
447254959.8	0.0	6.401430035251001e-12	0.018
447945987.0	0.0	7.083974728477742e-12	0.017
448550614.2	0.0	6.490482797737746e-12	0.034
448981923.0	0.0	6.09644981640509e-12	0.023
449497817.4	0.0	6.19265667652608e-12	0.02
449584995.0	0.0	6.466614968601774e-12	0.013
450447785.4	0.0	6.8655763822792704e-12	0.022
451137948.6	0.0	7.110121189840277e-12	0.014
451481820.6	0.0	6.690783900239667e-12	0.014
451740675.0	0.0	6.4606617380950376e-12	0.014
452002121.4	0.0	6.4606617380950376e-12	0.016
453034601.4	0.0	6.395536814646781e-12	0.02
453639747.0	0.0	5.601147419098221e-12	0.02
453896182.2	0.0	5.6686155423735866e-12	0.019
454157887.8	0.0	5.822064375718611e-12	0.015
454414841.4	0.0	6.526449820208022e-12	0.024
455274089.4	0.0	5.974162111649026e-12	0.018
455532425.4	0.0	6.24995662326599e-12	0.016
455792662.2	0.0	5.549795790896191e-12	0.014
456048665.4	0.0	5.5805499945721096e-12	0.022
456482047.8	0.0	5.353983188998712e-12	0.021
456741334.2	0.0	4.8425822207502286e-12	0.015
456995350.2	0.0	4.2724501405430316e-12	0.014
457856586.4	0.0	4.654542532871689e-12	0.013
458371098.4	0.0	4.727994941383648e-12	0.016
458802580.0	0.0	4.9966278375278336e-12	0.013
478101575.2	0.0	3.728009438396741e-12	0.031
480173101.6	0.0	4.031595977441393e-12	0.038
481122205.6	0.0	3.860797321006488e-12	0.026
481381146.4	0.0	4.080158208364842e-12	0.023
482588586.4	0.0	4.209950632965202e-12	0.013
482847440.8	0.0	4.473804512286692e-12	0.012
483451808.8	0.0	4.745445644102861e-12	0.026
483710749.6	0.0	5.001232021817159e-12	0.014
484486103.2	0.0	5.875935274118252e-12	0.013
484744007.2	0.0	5.7105377025180265e-12	0.013
485003812.0	0.0	5.358916661349584e-12	0.009
485865306.4	0.0	4.99202789189669e-12	0.015
486209956.0	0.0	5.061473917509129e-12	0.019
486468551.2	0.0	5.028946358348548e-12	0.012
486984704.8	0.0	4.404301113760864e-12	0.019
487244077.6	0.0	4.3318858424888576e-12	0.011
487502327.2	0.0	4.658831499811129e-12	0.015
488276730.4	0.0	4.229382882169373e-12	0.011
488622157.6	0.0	4.776139501808379e-12	0.008
488880752.8	0.0	4.887390082355803e-12	0.011
489136928.8	0.0	5.344129865527909e-12	0.01
489395524.0	0.0	5.150827470411465e-12	0.01
489824154.4	0.0	4.767349625973561e-12	0.009
508596715.4	0.0	6.2672497719745855e-12	0.018
511015137.8	0.0	5.217674748411144e-12	0.02
514297646.6	0.0	5.304897576078781e-12	0.012
520585320.2	0.0	8.140985912261307e-12	0.009
523606469.0	0.0	6.709296784078432e-12	0.017
545316197.0	0.0	6.796369828144459e-12	0.018
546006446.6	0.0	6.777616684677575e-12	0.014
546092673.8	0.0	6.7216671555212455e-12	0.015
546179160.2	0.0	6.672322098783908e-12	0.017
546265560.2	0.0	6.3896490194004745e-12	0.02
546351960.2	0.0	6.544508004301625e-12	0.026
546438187.4	0.0	6.4606617380950376e-12	0.021
547300632.2	0.0	6.24995662326599e-12	0.013
547644331.4	0.0	5.843553213141744e-12	0.011
547732200.2	0.0	5.913941213858546e-12	0.012
547990709.0	0.0	6.1302333043779815e-12	0.011
548248353.8	0.0	6.11331822359965e-12	0.014
548507726.6	0.0	6.09644981640509e-12	0.013
548852376.2	0.0	6.051694600901797e-12	0.024
549799320.2	0.0	6.24995662326599e-12	0.011
550316078.6	0.0	6.147195187882294e-12	0.016
550662110.6	0.0	6.09644981640509e-12	0.013
550919237.0	0.0	6.2557156977917346e-12	0.031
552902289.8	0.0	6.2672497719745855e-12	0.01
553241669.0	0.0	5.9467133300716815e-12	0.036
553505534.6	0.0	6.141536018424862e-12	0.013
576764501.0	0.0	1.1165469850828986e-11	0.008
578058513.8	0.0	1.0164288962858834e-11	0.011
578317195.4	0.0	9.503356104442355e-12	0.011
578750664.2	0.0	9.407560137420286e-12	0.013
579007790.6	0.0	9.57363803016868e-12	0.012
579353131.4	0.0	9.503356104442355e-12	0.012
580474517.0	0.0	7.682047765713219e-12	0.011
580989979.4	0.0	7.51410056605424e-12	0.012
581249352.2	0.0	7.534891503709122e-12	0.014
581765160.2	0.0	7.05142682110806e-12	0.011
582112056.2	0.0	6.834031924161473e-12	0.018
582626654.6	0.0	7.569670982660716e-12	0.015
582883349.0	0.0	6.909983386457248e-12	0.01
583143153.8	0.0	6.993216977017391e-12	0.014
583835217.8	0.0	5.6633969581310426e-12	0.01
584091134.6	0.0	6.018343936805673e-12	0.009
584694638.6	0.0	6.007267942079041e-12	0.023
584954616.2	0.0	5.9357691623444216e-12	0.016
609682987.4	0.0	5.9962123313085815e-12	0.026
610802731.4	0.0	6.6784703654908526e-12	0.015
611836248.2	0.0	7.50718300981537e-12	0.023
612094929.8	0.0	6.84663227798014e-12	0.01
612354648.2	0.0	6.709296784078432e-12	0.018
613303406.6	0.0	7.175910331201282e-12	0.013
614940254.6	0.0	7.083974728477742e-12	0.011
615542894.6	0.0	7.031969901875255e-12	0.019
616146485.0	0.0	7.486468527882349e-12	0.016
616490529.8	0.0	7.527954807124814e-12	0.018
