#Time (MET)	Delta_Time	Flux(ph cm-2 s-1)	Delta_Flux
349185256.4	0.0	0.7586643960083516	0.009
349710741.2	0.0	0.824232439549437	0.008
349966226.0	0.0	0.8799331983309696	0.009
351514600.4	0.0	0.8528049316944336	0.008
351780194.0	0.0	0.9402637718778398	0.012
352470875.6	0.0	1.002881692018235	0.013
352899074.0	0.0	1.0300295951478313	0.016
354719003.6	0.0	0.7635714877261254	0.049
356615310.8	0.0	1.2035099999560168	0.01
356874856.4	0.0	1.2270145232515257	0.009
357219160.4	0.0	1.2068400194515174	0.011
357474731.6	0.0	1.3135593592714387	0.023
358250517.2	0.0	1.2544394494032902	0.018
358509717.2	0.0	1.2281451659918723	0.011
358769090.0	0.0	1.233814026509515	0.01
359028376.4	0.0	1.3063203824475198	0.01
359284811.6	0.0	1.143009139890477	0.01
359542542.8	0.0	1.3516047307397734	0.008
359804594.0	0.0	1.2718904404672482	0.01
360064398.8	0.0	1.1880909921754075	0.015
360151576.4	0.0	1.2590694987544822	0.01
360237976.4	0.0	1.2079520722275001	0.016
360668248.4	0.0	1.2258849213922096	0.014
360840789.2	0.0	1.2180067726642871	0.01
360926757.2	0.0	1.1739502784644031	0.011
361269333.2	0.0	1.2068400194515174	0.012
361356165.2	0.0	1.192476153954316	0.01
361613723.6	0.0	1.2046189842578319	0.01
361870072.4	0.0	1.2532845998822861	0.008
362216882.0	0.0	1.1409055772927148	0.011
362477896.4	0.0	1.222502351522401	0.011
363166246.2	0.0	1.1546482539935439	0.015
363423372.6	0.0	1.0825543343076494	0.02
363682918.2	0.0	1.1077702640601759	0.019
363940476.6	0.0	1.2001891689442108	0.015
364200454.2	0.0	1.1252517659260375	0.012
364458876.6	0.0	1.1815434668608011	0.011
364976067.0	0.0	1.190281553623802	0.014
365233884.6	0.0	1.0795672548438597	0.014
365490406.2	0.0	1.2024020365962569	0.019
365751939.0	0.0	1.0569384644514228	0.032
366181260.6	0.0	1.0667181956530587	0.02
366441151.8	0.0	1.0795672548438597	0.02
366697587.0	0.0	1.0347839957395735	0.009
381237583.8	0.0	1.3767329387847367	0.017
381586467.0	0.0	1.4630181136852733	0.012
382111779.0	0.0	1.169633242962777	0.014
382456687.8	0.0	1.0112294362860907	0.014
382802201.4	0.0	1.0038058056966148	0.011
384180195.0	0.0	0.9180148429810254	0.014
384525103.8	0.0	0.991858462763049	0.008
384782835.0	0.0	0.9342211672996543	0.011
385215180.6	0.0	0.911275518723442	0.011
385559484.6	0.0	0.8946428660312084	0.017
385642255.8	0.0	0.8032480930263598	0.012
385904393.4	0.0	0.8249919353878933	0.033
387281091.0	0.0	0.7558745153877923	0.007
387800441.4	0.0	0.7517089190178511	0.01
388318236.6	0.0	0.6143978724979479	0.011
389005375.8	0.0	0.7106400884832409	0.02
389264835.0	0.0	0.6724340600791192	0.01
389523343.8	0.0	0.6189416426320722	0.009
389780729.4	0.0	0.698312318410265	0.011
389865919.8	0.0	0.6403976110867756	0.012
390126675.0	0.0	0.6817885496713603	0.016
390385011.0	0.0	0.6362820962149407	0.01
390730351.8	0.0	0.6321930296970145	0.01
391677555.0	0.0	0.6749159677431912	0.012
391936063.8	0.0	0.66259736304322	0.021
392201052.6	0.0	0.5845877401373009	0.012
392460511.8	0.0	0.5557119080872106	0.011
392719798.2	0.0	0.5385793566113918	0.017
393147046.2	0.0	0.49802334757937716	0.009
394013465.4	0.0	0.6110119486504361	0.024
394267654.2	0.0	0.6195119715578328	0.011
394527286.2	0.0	0.6392190409289662	0.021
394785622.2	0.0	0.6749159677431912	0.021
395131049.4	0.0	0.6742946333436403	0.016
395388348.6	0.0	0.7021820174188329	0.022
395643142.2	0.0	0.7292051096758069	0.014
413902227.0	0.0	0.7427620448408347	0.012
414330339.0	0.0	0.7685103188391489	0.013
414680259.0	0.0	0.8257521310701084	0.018
414937212.6	0.0	0.8234736429104549	0.009
416405839.8	0.0	0.8921742884754623	0.017
417357276.6	0.0	0.9316433818019286	0.012
418222659.0	0.0	0.8426548081181736	0.035
418481081.4	0.0	0.8528049316944336	0.014
418738726.2	0.0	0.9316433818019286	0.015
418995766.2	0.0	0.8318589684132949	0.017
419687225.4	0.0	0.8310931507154601	0.02
420034207.8	0.0	0.8481051554016561	0.013
420378857.4	0.0	0.8069557177652915	0.012
420634860.6	0.0	0.9104365893539905	0.013
421152223.8	0.0	0.8303280380370646	0.012
421413583.8	0.0	0.7496347374238329	0.013
422102451.0	0.0	0.7178764445082351	0.016
422358972.6	0.0	0.780638027091112	0.012
422617481.4	0.0	0.7893138132652483	0.022
422877718.2	0.0	0.7966172440581458	0.015
423137004.6	0.0	0.7799193639048618	0.025
423395081.4	0.0	0.7265235613988612	0.013
423653676.6	0.0	0.7835193081227058	0.014
424516207.8	0.0	0.7352748363672346	0.017
424773334.2	0.0	0.7621662317520096	0.013
425031065.4	0.0	0.8280369236310468	0.015
425287587.0	0.0	0.9402637718778398	0.017
425548687.8	0.0	0.8913529438898863	0.011
425807369.4	0.0	0.9402637718778398	0.01
426236172.6	0.0	0.8734734387814312	0.017
446565487.8	0.0	1.028133956998211	0.031
447254959.8	0.0	1.1087910281858628	0.018
447945987.0	0.0	1.2270145232515257	0.017
448550614.2	0.0	1.1242158478803264	0.034
448981923.0	0.0	1.0559654363152413	0.023
449497817.4	0.0	1.0726294165141446	0.02
449584995.0	0.0	1.1200817036871529	0.013
450447785.4	0.0	1.189185768504228	0.022
451137948.6	0.0	1.2315433490948047	0.014
451481820.6	0.0	1.1589099809360441	0.014
451740675.0	0.0	1.1190505452525152	0.014
452002121.4	0.0	1.1190505452525152	0.016
453034601.4	0.0	1.1077702640601759	0.02
453639747.0	0.0	0.9701741597803769	0.02
453896182.2	0.0	0.9818603063701724	0.019
454157887.8	0.0	1.0084391627759473	0.015
454414841.4	0.0	1.1304456920879475	0.024
455274089.4	0.0	1.0347839957395735	0.018
455532425.4	0.0	1.0825543343076494	0.016
455792662.2	0.0	0.9612795496198967	0.014
456048665.4	0.0	0.9666064820282928	0.022
456482047.8	0.0	0.9273628692853374	0.021
456741334.2	0.0	0.8387831609581421	0.015
456995350.2	0.0	0.7400306428592864	0.014
457856586.4	0.0	0.8062128262494195	0.013
458371098.4	0.0	0.8189355102603694	0.016
458802580.0	0.0	0.8654653861599783	0.013
478101575.2	0.0	0.6457281256725389	0.031
480173101.6	0.0	0.698312318410265	0.038
481122205.6	0.0	0.6687283009581714	0.026
481381146.4	0.0	0.7067237773592964	0.023
482588586.4	0.0	0.7292051096758069	0.013
482847440.8	0.0	0.7749072125704193	0.012
483451808.8	0.0	0.8219581446567544	0.026
483710749.6	0.0	0.8662628764401198	0.014
484486103.2	0.0	1.017770135464379	0.013
484744007.2	0.0	0.9891216393527024	0.013
485003812.0	0.0	0.9282173955162463	0.009
485865306.4	0.0	0.8646686300573779	0.015
486209956.0	0.0	0.8766973689045127	0.019
486468551.2	0.0	0.8710632737777316	0.012
486984704.8	0.0	0.7628685361669455	0.019
487244077.6	0.0	0.750325494589065	0.011
487502327.2	0.0	0.8069557177652915	0.015
488276730.4	0.0	0.7325709675320056	0.011
488622157.6	0.0	0.8272746245459168	0.008
488880752.8	0.0	0.8465443259895281	0.011
489136928.8	0.0	0.9256561761555091	0.01
489395524.0	0.0	0.8921742884754623	0.01
489824154.4	0.0	0.8257521310701084	0.009
508596715.4	0.0	1.0855496787903018	0.018
511015137.8	0.0	0.9037528985198637	0.02
514297646.6	0.0	0.9188607553953292	0.012
520585320.2	0.0	1.41009932005746	0.009
523606469.0	0.0	1.16211659561327	0.017
545316197.0	0.0	1.1771985084867358	0.018
546006446.6	0.0	1.1739502784644031	0.014
546092673.8	0.0	1.1642592663595854	0.015
546179160.2	0.0	1.1557122142330465	0.017
546265560.2	0.0	1.1067504396601668	0.02
546351960.2	0.0	1.133573548269778	0.026
546438187.4	0.0	1.1190505452525152	0.021
547300632.2	0.0	1.0825543343076494	0.013
547644331.4	0.0	1.0121612420628734	0.011
547732200.2	0.0	1.0243531403195056	0.012
547990709.0	0.0	1.0618170707405012	0.011
548248353.8	0.0	1.0588872113645849	0.014
548507726.6	0.0	1.0559654363152413	0.013
548852376.2	0.0	1.048213390109736	0.024
549799320.2	0.0	1.0825543343076494	0.011
550316078.6	0.0	1.0647550368116994	0.016
550662110.6	0.0	1.0559654363152413	0.013
550919237.0	0.0	1.0835518630050869	0.031
552902289.8	0.0	1.0855496787903018	0.01
553241669.0	0.0	1.0300295951478313	0.036
553505534.6	0.0	1.0637748126607158	0.013
576764501.0	0.0	1.9339698673428516	0.008
578058513.8	0.0	1.7605554302468547	0.011
578317195.4	0.0	1.6460753188327035	0.011
578750664.2	0.0	1.6294825093845728	0.013
579007790.6	0.0	1.6582488438513079	0.012
579353131.4	0.0	1.6460753188327035	0.012
580474517.0	0.0	1.3306066916006036	0.011
580989979.4	0.0	1.3015165746790158	0.012
581249352.2	0.0	1.3051177708199342	0.014
581765160.2	0.0	1.2213769036135704	0.011
582112056.2	0.0	1.1837219562064456	0.018
582626654.6	0.0	1.3111419207386477	0.015
582883349.0	0.0	1.196877501062424	0.01
583143153.8	0.0	1.211294382594921	0.014
583835217.8	0.0	0.9809563959382688	0.01
584091134.6	0.0	1.0424367250629902	0.009
584694638.6	0.0	1.0405182531725696	0.023
584954616.2	0.0	1.028133956998211	0.016
609682987.4	0.0	1.0386033119850697	0.026
610802731.4	0.0	1.1567771548675634	0.015
611836248.2	0.0	1.3003183854849776	0.023
612094929.8	0.0	1.1859044621760757	0.01
612354648.2	0.0	1.16211659561327	0.018
613303406.6	0.0	1.242938679402476	0.013
614940254.6	0.0	1.2270145232515257	0.011
615542894.6	0.0	1.2180067726642871	0.019
616146485.0	0.0	1.2967304322316617	0.016
616490529.8	0.0	1.3039162663286605	0.018
