# Time (MET) Delta_Time Flux(10 ^-07 ph cm-2 s-1) Delta_Flux(10^-07 ph cm^-2 s^-1) Index Delta_Index TS Npred
239557417.0	2592000.0	1.2050854539687514	0.14044216	1.42202424	1.44993547	118.73402258	1.97632223e-05
242149417.0	2592000.0	0.6994696624091001	0.1338778	1.33294776	1.44993547	118.73402258	1.03566244e-05
244741417.0	2592000.0	1.1667317948581226	0.1553517	1.57661172	1.44993547	118.73402258	1.89187783e-05
247333417.0	2592000.0	1.731368786512358	0.2241002	1.65686897	1.44993547	118.73402258	1.99261511e-05
249925417.0	2592000.0	0.9853460919700386	0.13255637	1.45507037	1.44993547	118.73402258	1.6940937e-05
252517417.0	2592000.0	0.5024044470043934	0.07875921	1.16165342	1.44993547	118.73402258	7.972217e-06
255109417.0	2592000.0	0.41816736294406426	0.08766402	1.15584149	1.44993547	118.73402258	7.65113233e-06
257701417.0	2592000.0	0.7463445062893385	0.19097889	1.72676756	1.44993547	118.73402258	8.03107639e-06
260293417.0	2592000.0	0.6432082375097435	0.14008349	1.58101761	1.44993547	118.73402258	8.71657487e-06
262885417.0	2592000.0	0.36177757432975666	0.07626268	1.03118417	1.44993547	118.73402258	6.87639743e-06
265477417.0	2592000.0	0.5760276406741149	0.13134976	1.55387706	1.44993547	118.73402258	7.2232368e-06
268069417.0	2592000.0	0.5218662482958161	0.09882978	1.34325938	1.44993547	118.73402258	9.47603095e-06
270661417.0	2592000.0	1.3600430462114315	0.22174686	1.98909127	1.44993547	118.73402258	1.27654317e-05
273253417.0	2592000.0	1.0983080196577044	0.21412752	1.82116355	1.44993547	118.73402258	1.22735555e-05
275845417.0	2592000.0	1.322914569884226	0.227464	1.84159591	1.44993547	118.73402258	1.22575445e-05
278437417.0	2592000.0	0.37280795431254693	0.07129632	1.03348799	1.44993547	118.73402258	5.30592809e-06
281029417.0	2592000.0	0.7130093626984866	0.17056369	1.68217993	1.44993547	118.73402258	7.25313988e-06
283621417.0	2592000.0	0.5478282608744856	0.0766214	1.2536316	1.44993547	118.73402258	6.74993794e-06
286213417.0	2592000.0	0.523702530285207	0.10076248	1.21204603	1.44993547	118.73402258	7.16022239e-06
288805417.0	2592000.0	1.0402129754716618	0.16000379	1.57797523	1.44993547	118.73402258	1.05480375e-05
291397417.0	2592000.0	0.9613256006843027	0.18033139	1.48575401	1.44993547	118.73402258	1.08701447e-05
293989417.0	2592000.0	1.2735981884581888	0.19497123	1.64561139	1.44993547	118.73402258	1.34036658e-05
296581417.0	2592000.0	1.0181004804434632	0.16309113	1.61172499	1.44993547	118.73402258	1.16015927e-05
299173417.0	2592000.0	1.2688940148214678	0.17141697	1.45209186	1.44993547	118.73402258	1.56833825e-05
301765417.0	2592000.0	1.5556299076299152	0.17237821	1.65355325	1.44993547	118.73402258	1.71712583e-05
304357417.0	2592000.0	0.37676110282264513	0.0616097	0.5954976	1.44993547	118.73402258	6.82001011e-06
306949417.0	2592000.0	1.3984442586904975	0.17880307	1.70679708	1.44993547	118.73402258	1.19558174e-05
309541417.0	2592000.0	0.7829175142395673	0.12906866	1.4093787	1.44993547	118.73402258	9.84094054e-06
312133417.0	2592000.0	0.7413194680414597	0.15374309	1.48235804	1.44993547	118.73402258	7.97254561e-06
314725417.0	2592000.0	0.41483508879684283	0.10003653	1.38158257	1.44993547	118.73402258	5.53610791e-06
317317417.0	2592000.0	0.7035917227713099	0.1312592	1.52880535	1.44993547	118.73402258	7.66062892e-06
319909417.0	2592000.0	0.7237695409034598	0.13870589	1.49658935	1.44993547	118.73402258	8.18884233e-06
322501417.0	2592000.0	0.4892608282099497	0.10611526	1.29109988	1.44993547	118.73402258	5.73635344e-06
325093417.0	2592000.0	0.258373176748947	0.05031367	0.81029244	1.44993547	118.73402258	3.75837188e-06
327685417.0	2592000.0	0.39348888029197754	0.08913617	1.17955784	1.44993547	118.73402258	5.48523627e-06
330277417.0	2592000.0	1.1341356316850149	0.21047463	1.73923165	1.44993547	118.73402258	1.03831565e-05
332869417.0	2592000.0	0.8463027947146797	0.18907378	1.87989592	1.44993547	118.73402258	7.67760288e-06
335461417.0	2592000.0	0.7868707521021053	0.27190656	1.75358189	1.44993547	118.73402258	7.1604105e-06
338053417.0	2592000.0	0.7050801735832251	0.15257144	1.48950153	1.44993547	118.73402258	7.83203197e-06
340645417.0	2592000.0	1.6260905967879487	0.22670849	1.82722957	1.44993547	118.73402258	1.42304245e-05
343237417.0	2592000.0	0.7090895069074408	0.1368547	1.51910269	1.44993547	118.73402258	8.12245515e-06
345829417.0	2592000.0	0.6639472068340386	0.1236164	1.41031838	1.44993547	118.73402258	8.81164791e-06
348421417.0	2592000.0	0.6629366486109053	0.11597295	1.45050631	1.44993547	118.73402258	8.40933656e-06
351013417.0	2592000.0	0.5922593870093953	0.10465429	1.42045176	1.44993547	118.73402258	8.15346046e-06
353605417.0	2592000.0	0.5096530564565341	0.10539269	1.13910887	1.44993547	118.73402258	6.97141831e-06
356197417.0	2592000.0	0.48284932602489117	0.06660614	0.9022117	1.44993547	118.73402258	7.75111835e-06
358789417.0	2592000.0	1.059340419933524	0.16969835	1.57885529	1.44993547	118.73402258	1.07893047e-05
361381417.0	2592000.0	0.4242992277336677	0.09053623	1.10370299	1.44993547	118.73402258	5.55245915e-06
363973417.0	2592000.0	0.7153899082689089	0.12369158	1.22259742	1.44993547	118.73402258	9.45281557e-06
366565417.0	2592000.0	1.0899037972317331	0.14717324	1.4968525	1.44993547	118.73402258	1.17700341e-05
369157417.0	2592000.0	1.1916149660791986	0.1787229	1.38258061	1.44993547	118.73402258	1.11931895e-05
371749417.0	2592000.0	0.8025603078329564	0.18104694	1.4338067	1.44993547	118.73402258	8.92808418e-06
374341417.0	2592000.0	1.1361705620184677	0.19449571	1.70447245	1.44993547	118.73402258	1.18218435e-05
376933417.0	2592000.0	0.5985490124666291	0.08758624	1.14499056	1.44993547	118.73402258	7.90973825e-06
379525417.0	2592000.0	0.333088757606129	0.05738473	0.77062856	1.44993547	118.73402258	5.82515715e-06
382117417.0	2592000.0	1.30385326409827	0.18564849	1.75858405	1.44993547	118.73402258	1.18436619e-05
384709417.0	2592000.0	0.8466167613174884	0.11347261	1.58465648	1.44993547	118.73402258	9.08141542e-06
387301417.0	2592000.0	0.504469203182236	0.10219497	1.24305016	1.44993547	118.73402258	6.99645351e-06
389893417.0	2592000.0	0.588860509553581	0.12615211	1.42745798	1.44993547	118.73402258	7.13692793e-06
392485417.0	2592000.0	0.48215664804142777	0.11393075	1.41565945	1.44993547	118.73402258	6.24755826e-06
395077417.0	2592000.0	0.3507099522500768	0.04975734	0.70072955	1.44993547	118.73402258	4.91083817e-06
397669417.0	2592000.0	0.3722841524402192	0.06851818	0.98543824	1.44993547	118.73402258	5.66863315e-06
400261417.0	2592000.0	0.2833319937455189	0.0507806	0.79136505	1.44993547	118.73402258	4.17920719e-06
402853417.0	2592000.0	0.3341725669593729	0.05928152	0.93143705	1.44993547	118.73402258	5.1767574e-06
405445417.0	2592000.0	1.033836517313475	0.1671204	1.69385192	1.44993547	118.73402258	1.0766979e-05
408037417.0	2592000.0	0.8263306658988442	0.13182436	1.60588766	1.44993547	118.73402258	1.31977898e-05
410629417.0	2592000.0	0.6328390298401594	0.07937885	1.46455807	1.44993547	118.73402258	1.43952025e-05
413221417.0	2592000.0	0.6782136462569228	0.09100311	1.34634207	1.44993547	118.73402258	1.43651494e-05
415813417.0	2592000.0	0.7391817109203377	0.09586438	1.48434654	1.44993547	118.73402258	1.76567967e-05
418405417.0	2592000.0	0.7706090012175555	0.10684308	1.35585065	1.44993547	118.73402258	1.44899951e-05
420997417.0	2592000.0	0.5018688863509939	0.09821592	1.21194403	1.44993547	118.73402258	5.99152942e-06
423589417.0	2592000.0	0.7120095446386118	0.16043176	1.46698038	1.44993547	118.73402258	5.64328907e-06
426181417.0	2592000.0	0.7806448885458802	0.13898363	1.49829309	1.44993547	118.73402258	1.3948439e-05
428773417.0	2592000.0	0.7839519474346031	0.07905934	1.54263872	1.44993547	118.73402258	1.96698896e-05
431365417.0	2592000.0	1.2463363659384137	0.11566357	1.65603028	1.44993547	118.73402258	2.44759239e-05
433957417.0	2592000.0	0.7870741182549862	0.08023026	1.405862	1.44993547	118.73402258	2.19920552e-05
436549417.0	2592000.0	1.0929397786887294	0.090889	1.4413933	1.44993547	118.73402258	2.70105437e-05
439141417.0	2592000.0	1.8511246269567427	0.16356679	1.52838405	1.44993547	118.73402258	2.52401236e-05
441733417.0	2592000.0	1.148960363021972	0.12886718	1.42492527	1.44993547	118.73402258	1.47942525e-05
444325417.0	2592000.0	0.8870400909901462	0.12613804	1.39100729	1.44993547	118.73402258	1.17060122e-05
446917417.0	2592000.0	1.2721248382085923	0.12614099	1.40742081	1.44993547	118.73402258	2.3138206e-05
449509417.0	2592000.0	0.7953511385477232	0.11313269	1.30704842	1.44993547	118.73402258	1.07893845e-05
452101417.0	2592000.0	0.8039005765587832	0.18908915	1.44919169	1.44993547	118.73402258	1.00480138e-05
454693417.0	2592000.0	1.010883698330363	0.16236857	1.51601906	1.44993547	118.73402258	1.13782283e-05
457285417.0	2592000.0	0.5673123109234071	0.10081471	1.16808089	1.44993547	118.73402258	7.80322994e-06
459877417.0	2592000.0	1.3401853778709212	0.20406881	1.68690044	1.44993547	118.73402258	1.30243324e-05
462469417.0	2592000.0	0.959184894932669	0.18233329	1.64430634	1.44993547	118.73402258	1.00746739e-05
465061417.0	2592000.0	0.48169323054788604	0.10630815	1.27341481	1.44993547	118.73402258	6.33551731e-06
467653417.0	2592000.0	1.3058541511521762	0.17985977	1.69866179	1.44993547	118.73402258	1.22326249e-05
470245417.0	2592000.0	0.3024116703930884	0.04244092	0.46871766	1.44993547	118.73402258	5.18065627e-06
472837417.0	2592000.0	0.42644881511781313	0.08211736	1.18955319	1.44993547	118.73402258	5.66901605e-06
475429417.0	2592000.0	0.23637730452511607	0.040153	0.70132998	1.44993547	118.73402258	4.43106247e-06
478021417.0	2592000.0	0.5820125385708106	0.09885618	1.46254651	1.44993547	118.73402258	7.37313272e-06
480613417.0	2592000.0	0.49245923453193124	0.10689008	1.38450744	1.44993547	118.73402258	6.63672695e-06
483205417.0	2592000.0	1.6752496106970902	0.22293519	1.7315664	1.44993547	118.73402258	1.61038243e-05
485797417.0	2592000.0	1.128298486982697	0.13045556	1.5052828	1.44993547	118.73402258	1.49754808e-05
488389417.0	2592000.0	0.8671684300575705	0.12965329	1.42488974	1.44993547	118.73402258	1.15549702e-05
490981417.0	2592000.0	0.7458072479395838	0.16628036	1.38388459	1.44993547	118.73402258	6.75416042e-06
493573417.0	2592000.0	0.7786996859324289	0.13585221	1.37016144	1.44993547	118.73402258	9.98102184e-06
496165417.0	2592000.0	1.4021188420344175	0.20101395	1.86490207	1.44993547	118.73402258	1.4127402e-05
498757417.0	2592000.0	1.3398420143154335	0.14999264	1.70710247	1.44993547	118.73402258	2.20524994e-05
501349417.0	2592000.0	2.192074290543673	0.22393885	1.61998265	1.44993547	118.73402258	2.05332733e-05
503941417.0	2592000.0	1.0828184704279993	0.16333854	1.45063627	1.44993547	118.73402258	1.15118516e-05
506533417.0	2592000.0	0.9223893636664758	0.13133482	1.36559613	1.44993547	118.73402258	1.18143097e-05
509125417.0	2592000.0	0.8683914683824395	0.11377694	1.30997458	1.44993547	118.73402258	1.02114e-05
511717417.0	2592000.0	0.8089397324921432	0.15876243	1.46169971	1.44993547	118.73402258	1.13664189e-05
514309417.0	2592000.0	0.9542317853987924	0.15294853	1.59820074	1.44993547	118.73402258	9.6853864e-06
516901417.0	2592000.0	1.3997701059325478	0.19802918	1.66694944	1.44993547	118.73402258	1.37132288e-05
519493417.0	2592000.0	1.1860596389718658	0.17629797	1.53909837	1.44993547	118.73402258	1.38545844e-05
522085417.0	2592000.0	1.1732827404606618	0.15320842	1.43335745	1.44993547	118.73402258	1.36469557e-05
524677417.0	2592000.0	0.7343058376353847	0.15713911	1.38848772	1.44993547	118.73402258	9.85693292e-06
527269417.0	2592000.0	0.9812564844139477	0.18299816	1.54729081	1.44993547	118.73402258	1.08310532e-05
529861417.0	2592000.0	1.0194531334174401	0.16792016	1.59787374	1.44993547	118.73402258	1.12146137e-05
532453417.0	2592000.0	1.613780243105678	0.22079323	1.83305631	1.44993547	118.73402258	1.3683216e-05
535045417.0	2592000.0	0.8250756215300552	0.16241118	1.65907138	1.44993547	118.73402258	9.38373806e-06
537637417.0	2592000.0	0.5725320302670227	0.12163429	1.12673453	1.44993547	118.73402258	5.98130258e-06
540229417.0	2592000.0	0.7250036589308584	0.11015701	1.31807174	1.44993547	118.73402258	9.7865552e-06
542821417.0	2592000.0	0.6951799589994233	0.14873649	1.21587819	1.44993547	118.73402258	5.6428254e-06
545413417.0	2592000.0	0.7751259278815275	0.11785078	1.36390032	1.44993547	118.73402258	1.07031144e-05
548005417.0	2592000.0	0.9043705506656214	0.18478636	1.52532007	1.44993547	118.73402258	6.42384727e-06
550597417.0	2592000.0	0.4972383569951183	0.0859795	0.98866523	1.44993547	118.73402258	6.04328629e-06
553189417.0	2592000.0	0.7408131256358599	0.13022285	1.4124294	1.44993547	118.73402258	1.19362964e-05
555781417.0	2592000.0	0.6081073824864188	0.09016133	1.21023531	1.44993547	118.73402258	8.53954742e-06
558373417.0	2592000.0	0.9673902366982351	0.15300247	1.48192338	1.44993547	118.73402258	1.03334393e-05
560965417.0	2592000.0	1.5454064337895703	0.32871214	1.69608869	1.44993547	118.73402258	7.77221229e-06
563557417.0	2592000.0	0.9473288090541091	0.13744765	1.39674646	1.44993547	118.73402258	1.31002429e-05
566149417.0	2592000.0	1.8084115874039168	0.18007299	1.7231026	1.44993547	118.73402258	2.36027264e-05
568741417.0	2592000.0	1.9932678641454742	0.23409998	1.63851475	1.44993547	118.73402258	2.67704208e-05
571333417.0	2592000.0	1.325698166439892	0.16287179	1.45056281	1.44993547	118.73402258	1.99871692e-05
573925417.0	2592000.0	1.7164212491822026	0.18628788	1.43934598	1.44993547	118.73402258	2.09854143e-05
576517417.0	2592000.0	1.4774990620794681	0.18258943	1.39418191	1.44993547	118.73402258	1.62208008e-05
579109417.0	2592000.0	0.804700370247024	0.1123488	1.14904152	1.44993547	118.73402258	8.39659167e-06
581701417.0	2592000.0	0.7838675629904991	0.16326213	1.40277372	1.44993547	118.73402258	8.26236127e-06
584293417.0	2592000.0	1.1729981708105321	0.14706975	1.48953475	1.44993547	118.73402258	1.54776055e-05
586885417.0	2592000.0	1.207440373259452	0.14339199	1.47515528	1.44993547	118.73402258	1.50997922e-05
589477417.0	2592000.0	0.9992002592358966	0.1528857	1.57895576	1.44993547	118.73402258	1.25284193e-05
592069417.0	2592000.0	0.265334786164597	0.04939267	0.62218524	1.44993547	118.73402258	3.93835553e-06
594661417.0	2592000.0	1.2871827079313563	0.17826478	1.60989265	1.44993547	118.73402258	1.33097008e-05
597253417.0	2592000.0	1.1907709965447433	0.16927278	1.61068021	1.44993547	118.73402258	1.46510168e-05
599845417.0	2592000.0	0.7786503455151966	0.12796344	1.37597522	1.44993547	118.73402258	1.04708085e-05
602437417.0	2592000.0	1.1479972509443483	0.13025004	1.55585895	1.44993547	118.73402258	1.72019467e-05
605029417.0	2592000.0	1.539935008623167	0.18999888	1.71283768	1.44993547	118.73402258	1.52869926e-05
607621417.0	2592000.0	0.632770031886181	0.19258307	1.4649994	1.44993547	118.73402258	6.94375989e-06
610213417.0	2592000.0	1.4158398026830898	0.16865973	1.5768523	1.44993547	118.73402258	1.41396996e-05
612805417.0	2592000.0	1.8067959165882796	0.24262226	1.62679251	1.44993547	118.73402258	1.41532574e-05
615397417.0	2592000.0	1.3323507772483836	0.12979996	1.46281117	1.44993547	118.73402258	1.90327614e-05
617989417.0	2592000.0	0.9366010479142788	0.13126191	1.37423085	1.44993547	118.73402258	1.12031307e-05
620581417.0	2592000.0	1.4219496510315377	0.19367587	1.73458479	1.44993547	118.73402258	1.59710212e-05
623173417.0	2592000.0	1.2603341761864204	0.16629529	1.45965035	1.44993547	118.73402258	1.51889657e-05
625765417.0	2592000.0	nan	nan	nan	nan	118.73402258	nan
628357417.0	2592000.0	1.9434186205097181	0.19195575	1.71156989	1.44993547	118.73402258	2.0929651e-05
630949417.0	2592000.0	1.9091001533193699	0.16940475	1.75942843	1.44993547	118.73402258	2.27857124e-05
633541417.0	2592000.0	2.183365555003019	0.15344073	1.58280474	1.44993547	118.73402258	3.04042002e-05
636133417.0	2592000.0	1.205298684630981	0.15968136	1.47299948	1.44993547	118.73402258	1.46604419e-05
638725417.0	2592000.0	2.556422570306137	0.24812267	1.72562757	1.44993547	118.73402258	2.32214638e-05
641317417.0	2592000.0	2.6771097491005693	0.22718286	1.74914264	1.44993547	118.73402258	2.35883663e-05
643909417.0	2592000.0	1.050663994235085	0.15502386	1.28427987	1.44993547	118.73402258	1.10542175e-05
646501417.0	2592000.0	1.670131324243084	0.17454447	1.68724261	1.44993547	118.73402258	1.90048401e-05
649093417.0	2592000.0	0.9573953085282937	0.11053046	1.25039371	1.44993547	118.73402258	1.37469779e-05
651685417.0	2592000.0	1.4307747591897277	0.16259337	1.55313065	1.44993547	118.73402258	1.68948156e-05
654277417.0	2592000.0	1.2444610011918742	0.15116755	1.42118222	1.44993547	118.73402258	1.64319442e-05
656869417.0	2592000.0	1.6646424574804404	0.19866706	1.56650601	1.44993547	118.73402258	1.69770973e-05
659461417.0	2592000.0	1.3650136509530122	0.14972561	1.48812093	1.44993547	118.73402258	1.55417154e-05
662053417.0	2592000.0	1.212448702601097	0.13954721	1.52702443	1.44993547	118.73402258	1.85109793e-05
664645417.0	2592000.0	0.6568136118423494	0.14601403	1.59761298	1.44993547	118.73402258	8.18730071e-06
667237417.0	2592000.0	0.8581785202594976	0.12237524	1.50707315	1.44993547	118.73402258	1.16248644e-05
669829417.0	2592000.0	0.6802317247202379	0.14373918	1.40542968	1.44993547	118.73402258	8.27335396e-06
672421417.0	2592000.0	0.597167034021925	0.10169548	1.06282586	1.44993547	118.73402258	6.64304786e-06
675013417.0	2592000.0	0.758991343389236	0.1344529	1.31389495	1.44993547	118.73402258	8.52974088e-06
677605417.0	2592000.0	0.6364889697811953	0.12920755	1.38279762	1.44993547	118.73402258	7.45085514e-06
680197417.0	2592000.0	0.9160645869594429	0.12241433	1.48370625	1.44993547	118.73402258	1.42386785e-05
682789417.0	2592000.0	1.2590383692346154	0.17248494	1.59949457	1.44993547	118.73402258	1.44024364e-05
685381417.0	2592000.0	1.0793901066670661	0.14890925	1.65665676	1.44993547	118.73402258	1.23605989e-05
687973417.0	2592000.0	1.1609435259403504	0.16877014	1.56515188	1.44993547	118.73402258	1.2191205e-05
690565417.0	2592000.0	0.5447052680116568	0.10757182	1.05333812	1.44993547	118.73402258	7.76239414e-06
693157417.0	2592000.0	0.9286001266603825	0.09852592	1.31985831	1.44993547	118.73402258	1.53951052e-05
695749417.0	2592000.0	2.804248656548437	0.28578551	1.78705759	1.44993547	118.73402258	2.76525362e-05
698341417.0	2592000.0	1.5121199694078966	0.12768239	1.41110405	1.44993547	118.73402258	2.33376106e-05
700933417.0	2592000.0	1.5531988779310317	0.19610289	1.50575897	1.44993547	118.73402258	1.79178748e-05
703525417.0	2592000.0	2.306434780488861	0.25813451	1.59332077	1.44993547	118.73402258	2.03186634e-05
706117417.0	2592000.0	1.3137578569516197	0.15355245	1.46083464	1.44993547	118.73402258	1.54588656e-05
708709417.0	2592000.0	1.34576908331312	0.22856905	1.62668084	1.44993547	118.73402258	1.22139911e-05
711301417.0	632010.35598397	1.951401832110055	0.41854365	1.57430237	1.44993547	118.73402258	4.28999851e-06
