# Time (MET) Delta_Time Flux(ph cm-2 s-1) Delta_Flux Index Delta_Index TS Npred
245826901.014	1314900.014	1.1947550741875064	1.1556340021e-08	-2.0	0.0	477.30112135	300.730287075
248456701.042	1314900.014	1.5108070020972717	1.47651512202e-08	-2.0	0.0	460.473171293	294.954403565
251086501.069	1314900.0135	1.2239891394035032	1.15610513423e-08	-2.0	0.0	519.0905268	314.142612097
253716301.097	1314900.014	0.812690231123678	1.10451749238e-08	-2.0	0.0	224.549208501	162.129411968
256346101.125	1314900.014	0.8818303150618525	1.12748415554e-08	-2.0	0.0	271.284790931	207.518967872
258975901.153	1314900.014	0.6321368658336585	1.1158388425e-08	-2.0	0.0	116.437027596	116.719409364
261605701.181	1314900.0135	0.6904949080425947	1.08183496715e-08	-2.0	0.0	146.653737402	146.497769418
264235501.208	1314900.014	0.8234590329912302	1.10434590281e-08	-2.0	0.0	230.907483288	189.392603107
266865301.236	1314900.014	0.6709411568009724	1.08035559701e-08	-2.0	0.0	170.402723485	132.383307692
269495101.264	1314900.014	0.8066702724903905	1.03103801292e-08	-2.0	0.0	271.753082736	201.98125736
272124901.292	1314900.014	0.7249086052960297	1.13812711423e-08	-2.0	0.0	149.38174517	141.054946705
274754701.319	1314900.0135	0.8473969541476039	1.27927395782e-08	-2.0	0.0	139.9850974	159.263242799
277384501.347	1314900.014	0.9696232308437404	1.37126630094e-08	-2.0	0.0	165.568674886	170.041839996
280014301.375	1314900.014	0.7091056130097193	1.1999273817e-08	-2.0	0.0	125.741833546	116.849205024
282644101.403	1314900.014	0.6321651598645637	1.17466845023e-08	-2.0	0.0	119.069496702	109.517783536
285273901.431	1314900.0135	0.9448416731706765	1.32212560631e-08	-2.0	0.0	187.552259291	151.69085081
287903701.458	1314900.014	0.8547225625897011	1.2387155192e-08	-2.0	0.0	185.022867858	145.819194632
290533501.486	1314900.014	0.9813138672390834	1.38142674317e-08	-2.0	0.0	209.534409023	159.030076894
293163301.514	1314900.014	1.315667132736439	1.54901634887e-08	-2.0	0.0	288.617703903	213.383035744
295793101.542	1314900.014	1.0586956847958557	1.38719374926e-08	-2.0	0.0	221.008834014	188.137450197
298422901.569	1314900.0135	1.0257260928662975	1.31424747892e-08	-2.0	0.0	260.738259794	178.567566995
301052701.597	1314900.014	1.6169535361956782	1.45596018613e-08	-2.0	0.0	476.596390481	304.53094344
303682501.625	1314900.014	1.1562263035603932	1.2835687471e-08	-2.0	0.0	290.906371659	204.276567599
306312301.653	1314900.014	1.0161369845126442	1.31020251393e-08	-2.0	0.0	226.913126741	177.716806865
308942101.681	1314900.0135	1.0786568903190217	1.3380262766e-08	-2.0	0.0	236.577798975	171.604714482
311571901.708	1314900.014	0.8241263284814603	1.21556961992e-08	-2.0	0.0	160.035279215	142.64926052
314201701.736	1314900.014	0.7982129106711869	1.21968923855e-08	-2.0	0.0	181.448151295	136.918120242
316831501.764	1314900.014	0.5799344431457796	1.01491333576e-08	-2.0	0.0	135.286569963	102.13504776
319461301.792	1314900.014	0.8453029034205253	1.23697621403e-08	-2.0	0.0	160.870387592	144.786271638
322091101.819	1314900.0135	0.9046558137459361	1.26593479868e-08	-2.0	0.0	218.802096969	150.828129662
324720901.847	1314900.014	0.5575693261720589	6.01789962691e-09	-2.0	0.0	96.811638882	85.9625675377
327350701.875	1314900.014	0.6419646948080983	1.12682322759e-08	-2.0	0.0	125.036894733	102.733498837
329980501.903	1314900.014	0.7510533239524133	1.18273374453e-08	-2.0	0.0	174.707187215	129.13040431
332610301.931	1314900.0135	0.8520665670450304	1.24739564859e-08	-2.0	0.0	163.991032766	142.730518805
335240101.958	1314900.014	0.45256560635383364	1.00013584668e-08	-2.0	0.0	52.9628465294	75.2462843673
337869901.986	1314900.014	0.6804363025803494	1.28791529027e-08	-2.0	0.0	95.848251935	111.748114913
340499702.014	1314900.014	0.9713487971244524	1.00165949417e-08	-2.0	0.0	182.965777109	150.724002376
343129502.042	1314900.014	1.0074103276836273	1.28332598199e-08	-2.0	0.0	248.410363202	179.726087332
345759302.069	1314900.0135	0.8736535570455548	1.30934133284e-08	-2.0	0.0	159.971767045	143.041810938
348389102.097	1314900.014	0.7976943569037869	1.08740921695e-08	-2.0	0.0	207.633293366	158.90022239
351018902.125	1314900.014	0.6988793281987109	1.08448615847e-08	-2.0	0.0	132.443047956	131.805484064
353648702.153	1314900.014	0.8592174617715843	1.17457065218e-08	-2.0	0.0	234.265132616	154.316041194
356278502.181	1314900.0135	0.9214820148497733	1.20535835601e-08	-2.0	0.0	219.845616667	170.500157905
358908302.208	1314900.014	1.0301141475771685	1.31460711283e-08	-2.0	0.0	281.033016002	164.46756306
361538102.236	1314900.014	0.8571319774163914	1.19496301892e-08	-2.0	0.0	233.268547854	147.902337056
364167902.264	1314900.014	1.042038569123968	1.38564719888e-08	-2.0	0.0	264.677503231	158.830376549
366797702.292	1314900.014	1.1386611238121096	1.33565925386e-08	-2.0	0.0	319.92470806	193.804761592
369427502.319	1314900.0135	1.3978227206286125	1.6360682373e-08	-2.0	0.0	307.929092435	176.068256322
372057302.347	1314900.014	1.2134475376157727	1.42166042645e-08	-2.0	0.0	271.986876059	199.608073566
374687102.375	1314900.014	1.010798196853332	1.38688242798e-08	-2.0	0.0	188.130928616	170.011330613
377316902.403	1314900.014	0.9653920888405257	1.29496856931e-08	-2.0	0.0	235.547457954	161.508211927
379946702.431	1314900.0135	0.8705317347022875	1.12425930415e-08	-2.0	0.0	218.873441368	172.889669031
382576502.458	1314900.014	0.8414522057018015	1.16329376964e-08	-2.0	0.0	198.928502746	150.88037127
385206302.486	1314900.014	0.8441231220993044	1.28747056852e-08	-2.0	0.0	165.657435566	134.556874079
387836102.514	1314900.014	0.9205403615665689	1.21547918927e-08	-2.0	0.0	217.310387296	158.34671015
390465902.542	1314900.014	0.7107545506837593	1.11490303994e-08	-2.0	0.0	153.451324936	127.551098169
393095702.569	1314900.0135	0.701749331934414	1.12954480642e-08	-2.0	0.0	140.971430319	127.71393686
395725502.597	1314900.014	0.6377258282808552	1.04592407532e-08	-2.0	0.0	159.043771986	101.468070528
398355302.625	1314900.014	0.8905295713016693	1.2797665497e-08	-2.0	0.0	195.766836141	150.210133481
400985102.653	1314900.014	0.48981827492888924	9.36815257621e-09	-2.0	0.0	108.981105778	77.7717794393
403614902.681	1314900.0135	0.7011808009841644	1.09819515668e-08	-2.0	0.0	147.312821881	127.549844619
406244702.708	1314900.014	0.8479009620252834	1.28583852819e-08	-2.0	0.0	162.867350507	140.247773182
408874502.736	1314900.014	0.8602339773793314	1.09147868568e-08	-2.0	0.0	229.863923035	199.679097339
411504302.764	1314900.014	0.7195203806561865	7.36036847927e-09	-2.0	0.0	344.71333406	269.875779425
414134102.792	1314900.014	0.8515612637663871	9.69885194731e-09	-2.0	0.0	295.529492687	212.372423437
416763902.819	1314900.0135	0.9050513909907499	8.20473342268e-09	-2.0	0.0	454.763482884	348.74746697
419393702.847	1314900.014	0.9938008233261395	9.88603582024e-09	-2.0	0.0	412.938359018	274.339319049
422023502.875	1314900.014	0.9489782819020519	1.29067432137e-08	-2.0	0.0	247.470165888	157.169388075
424653302.903	1314900.014	0.9627166210273234	1.75558263159e-08	-2.0	0.0	97.9217651483	92.2203719292
427283102.931	1314900.0135	0.9408421094012146	1.03906357557e-08	-2.0	0.0	330.823464553	241.937130882
429912902.958	1314900.014	0.7702522343706688	7.38816756266e-09	-2.0	0.0	400.317583246	305.379087105
432542702.986	1314900.014	1.0756882649366701	9.52679020149e-09	-2.0	0.0	511.413179763	346.928637772
435172503.014	1314900.014	0.9161209501510154	7.70756898039e-09	-2.0	0.0	619.799513056	372.024702164
437802303.042	1314900.014	1.231366685517396	8.98033032379e-09	-2.0	0.0	804.446404025	450.841752875
440432103.069	1314900.0135	1.8157278355819664	1.40258396221e-08	-2.0	0.0	728.420772923	383.365503169
443061903.097	1314900.014	1.2536285151156885	1.29706013971e-08	-2.0	0.0	345.963857953	233.824754883
445691703.125	1314900.014	1.1859254997034714	1.31523418355e-08	-2.0	0.0	334.743675325	221.374170777
448321503.153	1314900.014	1.4714743244443798	1.20072671326e-08	-2.0	0.0	675.348640745	390.218550209
450951303.181	1314900.0135	1.1416103329610154	1.32174706217e-08	-2.0	0.0	333.183748504	201.592886962
453581103.208	1314900.014	1.0825175605908952	1.37003899806e-08	-2.0	0.0	259.860555151	192.234708252
456210903.236	1314900.014	1.049037458231072	1.30985018955e-08	-2.0	0.0	229.26732235	178.672322797
458840703.264	1314900.014	0.8900108467898294	1.24879037131e-08	-2.0	0.0	190.773830851	151.012913632
461470503.292	1314900.014	1.1691483113701366	1.40613608966e-08	-2.0	0.0	267.39212182	197.431600677
464100303.319	1314900.0135	0.909382135995643	1.23572982974e-08	-2.0	0.0	219.882822909	152.940069897
466730103.347	1314900.014	0.5906053878737981	1.0600274195e-08	-2.0	0.0	104.509379626	102.896975819
469359903.375	1314900.014	1.037635112075805	1.31757951977e-08	-2.0	0.0	256.175086945	165.360696227
471989703.403	1314900.014	0.8032214148908308	1.15753544146e-08	-2.0	0.0	172.240560223	146.059052545
474619503.431	1314900.0135	0.6147314404401872	1.05530481925e-08	-2.0	0.0	146.99676854	107.985953949
477249303.458	1314900.014	0.5990809683634842	9.59556008998e-09	-2.0	0.0	165.910367554	119.344149275
479879103.486	1314900.014	0.624456999424426	1.02145423595e-08	-2.0	0.0	119.513358222	120.923973298
482508903.514	1314900.014	0.932570841879594	1.32716829138e-08	-2.0	0.0	180.027677461	158.26841265
485138703.542	1314900.014	1.36935696407032	1.50277963006e-08	-2.0	0.0	283.382114836	229.854038326
487768503.569	1314900.0135	1.121752411329041	1.22560365698e-08	-2.0	0.0	331.944364707	216.763155439
490398303.597	1314900.014	1.0612714345928946	1.23576252967e-08	-2.0	0.0	299.264819209	205.281428631
493028103.625	1314900.014	1.0982146620686248	1.47100600667e-08	-2.0	0.0	236.036982593	142.922704548
495657903.653	1314900.014	0.9746646517530689	1.25213082175e-08	-2.0	0.0	234.429791128	178.911847206
498287703.681	1314900.0135	0.9706472169135354	1.15910457764e-08	-2.0	0.0	238.376042221	206.505028271
500917503.708	1314900.014	1.2464782519632571	1.17390425932e-08	-2.0	0.0	442.941503881	293.402260245
503547303.736	1314900.014	1.8026723378274379	1.70260172649e-08	-2.0	0.0	462.307297696	273.944345686
506177103.764	1314900.014	1.3489108132801395	1.45758934552e-08	-2.0	0.0	373.588713469	211.347111408
508806903.792	1314900.014	1.066709615835112	1.27930468161e-08	-2.0	0.0	289.597744033	188.5246336
511436703.819	1314900.0135	0.9425157622511856	1.22508875134e-08	-2.0	0.0	238.574051431	163.714745632
514066503.847	1314900.014	0.9961042858306792	1.21583649232e-08	-2.0	0.0	268.955630383	187.301881324
516696303.875	1314900.014	0.9684242140433874	1.30490187662e-08	-2.0	0.0	198.540700474	161.081229039
519326103.903	1314900.014	1.2852318373114222	1.40975463082e-08	-2.0	0.0	336.383202821	221.604737637
521955903.931	1314900.0135	1.3402697008915871	1.44760023494e-08	-2.0	0.0	350.366200494	229.990803986
524585703.958	1314900.014	1.1120676648884498	1.34457836847e-08	-2.0	0.0	278.902690089	178.515754806
527215503.986	1314900.014	1.0811824113717179	1.23903336871e-08	-2.0	0.0	328.696938855	213.017984578
529845304.014	1314900.014	1.0198534329052689	1.33575060612e-08	-2.0	0.0	227.856482452	170.619743691
532475104.042	1314900.014	1.1819302164470857	1.42046134781e-08	-2.0	0.0	247.060317607	194.723816093
535104904.069	1314900.0135	0.8531027046751296	1.26807998228e-08	-2.0	0.0	160.5802034	146.704060443
537734704.097	1314900.014	0.8060125033203694	1.28021356837e-08	-2.0	0.0	150.448543282	121.270415396
540364504.125	1314900.014	1.026190328888433	1.27098643424e-08	-2.0	0.0	278.903965034	183.941128802
542994304.153	1314900.014	0.7739512718442861	1.81904804005e-08	-2.0	0.0	51.6442998674	55.2521952023
545624104.181	1314900.0135	1.0986723687877173	1.60179282845e-08	-2.0	0.0	150.554584749	138.595745146
548253904.208	1314900.014	1.0227639388022367	1.26496887577e-08	-2.0	0.0	232.792510385	181.358359967
550883704.236	1314900.014	0.988685606020036	1.52488627879e-08	-2.0	0.0	143.568476015	122.021176597
553513504.264	1314900.014	0.899925999847232	1.10350668411e-08	-2.0	0.0	303.661762605	182.253055635
556143304.292	1314900.014	0.9424807612142311	1.17167824725e-08	-2.0	0.0	246.863487072	177.361238093
558773104.319	1314900.0135	1.004148203496862	1.24494913429e-08	-2.0	0.0	252.350101462	188.213514158
561402904.347	1314900.014	1.0668957165057669	1.67710245934e-08	-2.0	0.0	163.896077811	105.494684192
564032704.375	1314900.014	1.3598242042646955	1.4394494176e-08	-2.0	0.0	407.72321813	248.404301115
566662504.403	1314900.014	1.1513329830821497	1.21288271488e-08	-2.0	0.0	316.649894692	257.272040284
569292304.431	1314900.0135	1.9206795637816731	1.50231512697e-08	-2.0	0.0	686.573316301	391.87152836
571922104.458	1314900.014	1.4033504906016425	1.24208721014e-08	-2.0	0.0	558.025670571	341.930449158
574551904.486	1314900.014	1.9455709498470597	1.66094843141e-08	-2.0	0.0	573.134585581	337.921553523
577181704.514	1314900.014	2.0547010697010277	1.75579970102e-08	-2.0	0.0	640.568522164	332.540285879
579811504.542	1314900.014	1.2033334322930402	1.47537303341e-08	-2.0	0.0	244.55998333	180.240127587
582441304.569	1314900.0135	1.2011783767739646	1.71138552599e-08	-2.0	0.0	219.846107382	155.719507058
585071104.597	1314900.014	1.2693764162493117	1.26198641274e-08	-2.0	0.0	440.907782268	258.418334385
587700904.625	1314900.014	1.219264222536569	1.36668183888e-08	-2.0	0.0	327.937487053	204.233986522
590330704.653	1314900.014	1.1442015735238273	1.2524867589e-08	-2.0	0.0	318.090722988	239.15880181
